0.893373,
0.802566,
0.73284,
0.679845,
0.640498,
0.612641,
0.594815,
0.586118,
0.586118,
0.594815,
0.612641,
0.640498,
0.679845,
0.73284,
0.802566,
0.893373,
0.802566,
0.720989,
0.65835,
0.610742,
0.575394,
0.550369,
0.534355,
0.526542,
0.526542,
0.534355,
0.550369,
0.575394,
0.610742,
0.65835,
0.720989,
0.802566,
0.73284,
0.65835,
0.601153,
0.557681,
0.525404,
0.502553,
0.487931,
0.480796,
0.480796,
0.487931,
0.502553,
0.525404,
0.557681,
0.601153,
0.65835,
0.73284,
0.679845,
0.610742,
0.557681,
0.517352,
0.48741,
0.466211,
0.452646,
0.446028,
0.446028,
0.452646,
0.466211,
0.48741,
0.517352,
0.557681,
0.610742,
0.679845,
0.640498,
0.575394,
0.525404,
0.48741,
0.459201,
0.439229,
0.426449,
0.420213,
0.420213,
0.426449,
0.439229,
0.459201,
0.48741,
0.525404,
0.575394,
0.640498,
0.612641,
0.550369,
0.502553,
0.466211,
0.439229,
0.420126,
0.407902,
0.401937,
0.401937,
0.407902,
0.420126,
0.439229,
0.466211,
0.502553,
0.550369,
0.612641,
0.594815,
0.534355,
0.487931,
0.452646,
0.426449,
0.407902,
0.396033,
0.390242,
0.390242,
0.396033,
0.407902,
0.426449,
0.452646,
0.487931,
0.534355,
0.594815,
0.586118,
0.526542,
0.480796,
0.446028,
0.420213,
0.401937,
0.390242,
0.384536,
0.384536,
0.390242,
0.401937,
0.420213,
0.446028,
0.480796,
0.526542,
0.586118,
0.586118,
0.526542,
0.480796,
0.446028,
0.420213,
0.401937,
0.390242,
0.384536,
0.384536,
0.390242,
0.401937,
0.420213,
0.446028,
0.480796,
0.526542,
0.586118,
0.594815,
0.534355,
0.487931,
0.452646,
0.426449,
0.407902,
0.396033,
0.390242,
0.390242,
0.396033,
0.407902,
0.426449,
0.452646,
0.487931,
0.534355,
0.594815,
0.612641,
0.550369,
0.502553,
0.466211,
0.439229,
0.420126,
0.407902,
0.401937,
0.401937,
0.407902,
0.420126,
0.439229,
0.466211,
0.502553,
0.550369,
0.612641,
0.640498,
0.575394,
0.525404,
0.48741,
0.459201,
0.439229,
0.426449,
0.420213,
0.420213,
0.426449,
0.439229,
0.459201,
0.48741,
0.525404,
0.575394,
0.640498,
0.679845,
0.610742,
0.557681,
0.517352,
0.48741,
0.466211,
0.452646,
0.446028,
0.446028,
0.452646,
0.466211,
0.48741,
0.517352,
0.557681,
0.610742,
0.679845,
0.73284,
0.65835,
0.601153,
0.557681,
0.525404,
0.502553,
0.487931,
0.480796,
0.480796,
0.487931,
0.502553,
0.525404,
0.557681,
0.601153,
0.65835,
0.73284,
0.802566,
0.720989,
0.65835,
0.610742,
0.575394,
0.550369,
0.534355,
0.526542,
0.526542,
0.534355,
0.550369,
0.575394,
0.610742,
0.65835,
0.720989,
0.802566,
0.893373,
0.802566,
0.73284,
0.679845,
0.640498,
0.612641,
0.594815,
0.586118,
0.586118,
0.594815,
0.612641,
0.640498,
0.679845,
0.73284,
0.802566,
0.893373
