0   15  0
0.250000000000000   15  0
0.500000000000000   15  0
0.750000000000000   15  0
1   15  0
1.25000000000000    15  0
1.50000000000000    15  0
1.75000000000000    15  0
2   15  0
2.25000000000000    15  0
2.50000000000000    15  0
2.75000000000000    15  0
3   15  0
3.25000000000000    15  0
3.50000000000000    15  0
3.75000000000000    15  0
4   15  0
4.25000000000000    15  0
4.50000000000000    15  0
4.75000000000000    15  0
5   15  0
5.25000000000000    15  0
5.50000000000000    15  0
5.75000000000000    15  0
6   15  0
6.25000000000000    15  0
6.50000000000000    15  0
6.75000000000000    15  0
7   15  0
7.25000000000000    15  0
7.50000000000000    15  0
7.75000000000000    15  0
8   15  0
8.25000000000000    15  0
8.50000000000000    15  0
8.75000000000000    15  0
9   15  0
9.25000000000000    15  0
9.50000000000000    15  0
9.75000000000000    15  0
10  15  0
10.2500000000000    15  0
10.5000000000000    15  0
10.7500000000000    15  0
11  15  0
11.2500000000000    15  0
11.5000000000000    15  0
11.7500000000000    15  0
12  15  0
12.2500000000000    15  0
12.5000000000000    15  0
12.7500000000000    15  0
13  15  0
13.2500000000000    15  0
13.5000000000000    15  0
13.7500000000000    15  0
14  15  0
14.2500000000000    15  0
14.5000000000000    15  0
14.7500000000000    15  0
15  15  0
15.2500000000000    15  0
15.5000000000000    15  0
15.7500000000000    15  0
16  15  0
16.2500000000000    15  0
16.5000000000000    15  0
16.7500000000000    15  0
17  15  0
17.2500000000000    15  0
17.5000000000000    15  0
17.7500000000000    15  0
18  15  0
18.2500000000000    15  0
18.5000000000000    15  0
18.7500000000000    15  0
19  15  0
19.2500000000000    15  0
19.5000000000000    15  0
19.7500000000000    15  0
20  15  0
20.2500000000000    15  0
20.5000000000000    15  0
20.7500000000000    15  0
21  15  0
21.2500000000000    15  0
21.5000000000000    15  0
21.7500000000000    15  0
22  15  0
22.2500000000000    15  0
22.5000000000000    15  0
22.7500000000000    15  0
23  15  0
23.2500000000000    15  0
23.5000000000000    15  0
23.7500000000000    15  0
24  15  0
24.2500000000000    15  0
24.5000000000000    15  0
24.7500000000000    15  0
25  15  0
25.2500000000000    15  0
25.5000000000000    15  0
25.7500000000000    15  0
26  15  0
26.2500000000000    15  0
26.5000000000000    15  0
26.7500000000000    15  0
27  15  0
27.2500000000000    15  0
27.5000000000000    15  0
27.7500000000000    15  0
28  15  0
28.2500000000000    15  0
28.5000000000000    15  0
28.7500000000000    15  0
29  15  0
29.2500000000000    15  0
29.5000000000000    15  0
29.7500000000000    15  0
30  15  0
30.2500000000000    15  0
30.5000000000000    15  0
30.7500000000000    15  0
31  15  0
31.2500000000000    15  0
31.5000000000000    15  0
31.7500000000000    15  0
32  15  0
32.2500000000000    15  0
32.5000000000000    15  0
32.7500000000000    15  0
33  15  0
33.2500000000000    15  0
33.5000000000000    15  0
33.7500000000000    15  0
34  15  0
34.2500000000000    15  0
34.5000000000000    15  0
34.7500000000000    15  0
35  15  0
35.2500000000000    15  0
35.5000000000000    15  0
35.7500000000000    15  0
36  15  0
36.2500000000000    15  0
36.5000000000000    15  0
36.7500000000000    15  0
37  15  0
37.2500000000000    15  0
37.5000000000000    15  0
37.7500000000000    15  0
38  15  0
38.2500000000000    15  0
38.5000000000000    15  0
38.7500000000000    15  0
39  15  0
39.2500000000000    15  0
39.5000000000000    15  0
39.7500000000000    15  0
40  15  0
40.2500000000000    15  0
40.5000000000000    15  0
40.7500000000000    15  0
41  15  0
41.2500000000000    15  0
41.5000000000000    15  0
41.7500000000000    15  0
42  15  0
42.2500000000000    15  0
42.5000000000000    15  0
42.7500000000000    15  0
43  15  0
43.2500000000000    15  0
43.5000000000000    15  0
43.7500000000000    15  0
44  15  0
44.2500000000000    15  0
44.5000000000000    15  0
44.7500000000000    15  0
45  15  0
45.2500000000000    15  0
45.5000000000000    15  0
45.7500000000000    15  0
46  15  0
46.2500000000000    15  0
46.5000000000000    15  0
46.7500000000000    15  0
47  15  0
47.2500000000000    15  0
47.5000000000000    15  0
47.7500000000000    15  0
48  15  0
48.2500000000000    15  0
48.5000000000000    15  0
48.7500000000000    15  0
49  15  0
49.2500000000000    15  0
49.5000000000000    15  0
49.7500000000000    15  0
50  15  0
50.2500000000000    15  0
50.5000000000000    15  0
50.7500000000000    15  0
51  15  0
51.2500000000000    15  0
51.5000000000000    15  0
51.7500000000000    15  0
52  15  0
52.2500000000000    15  0
52.5000000000000    15  0
52.7500000000000    15  0
53  15  0
53.2500000000000    15  0
53.5000000000000    15  0
53.7500000000000    15  0
54  15  0
54.2500000000000    15  0
54.5000000000000    15  0
54.7500000000000    15  0
55  15  0
55.2500000000000    15  0
55.5000000000000    15  0
55.7500000000000    15  0
56  15  0
56.2500000000000    15  0
56.5000000000000    15  0
56.7500000000000    15  0
57  15  0
57.2500000000000    15  0
57.5000000000000    15  0
57.7500000000000    15  0
58  15  0
58.2500000000000    15  0
58.5000000000000    15  0
58.7500000000000    15  0
59  15  0
59.2500000000000    15  0
59.5000000000000    15  0
59.7500000000000    15  0
60  15  0
60.2500000000000    15  0
60.5000000000000    15  0
60.7500000000000    15  0
61  15  0
61.2500000000000    15  0
61.5000000000000    15  0
61.7500000000000    15  0
62  15  0
62.2500000000000    15  0
62.5000000000000    15  0
62.7500000000000    15  0
63  15  0
63.2500000000000    15  0
63.5000000000000    15  0
63.7500000000000    15  0
0   30  0
0.250000000000000   30  0
0.500000000000000   30  0
0.750000000000000   30  0
1   30  0
1.25000000000000    30  0
1.50000000000000    30  0
1.75000000000000    30  0
2   30  0
2.25000000000000    30  0
2.50000000000000    30  0
2.75000000000000    30  0
3   30  0
3.25000000000000    30  0
3.50000000000000    30  0
3.75000000000000    30  0
4   30  0
4.25000000000000    30  0
4.50000000000000    30  0
4.75000000000000    30  0
5   30  0
5.25000000000000    30  0
5.50000000000000    30  0
5.75000000000000    30  0
6   30  0
6.25000000000000    30  0
6.50000000000000    30  0
6.75000000000000    30  0
7   30  0
7.25000000000000    30  0
7.50000000000000    30  0
7.75000000000000    30  0
8   30  0
8.25000000000000    30  0
8.50000000000000    30  0
8.75000000000000    30  0
9   30  0
9.25000000000000    30  0
9.50000000000000    30  0
9.75000000000000    30  0
10  30  0
10.2500000000000    30  0
10.5000000000000    30  0
10.7500000000000    30  0
11  30  0
11.2500000000000    30  0
11.5000000000000    30  0
11.7500000000000    30  0
12  30  0
12.2500000000000    30  0
12.5000000000000    30  0
12.7500000000000    30  0
13  30  0
13.2500000000000    30  0
13.5000000000000    30  0
13.7500000000000    30  0
14  30  0
14.2500000000000    30  0
14.5000000000000    30  0
14.7500000000000    30  0
15  30  0
15.2500000000000    30  0
15.5000000000000    30  0
15.7500000000000    30  0
16  30  0
16.2500000000000    30  0
16.5000000000000    30  0
16.7500000000000    30  0
17  30  0
17.2500000000000    30  0
17.5000000000000    30  0
17.7500000000000    30  0
18  30  0
18.2500000000000    30  0
18.5000000000000    30  0
18.7500000000000    30  0
19  30  0
19.2500000000000    30  0
19.5000000000000    30  0
19.7500000000000    30  0
20  30  0
20.2500000000000    30  0
20.5000000000000    30  0
20.7500000000000    30  0
21  30  0
21.2500000000000    30  0
21.5000000000000    30  0
21.7500000000000    30  0
22  30  0
22.2500000000000    30  0
22.5000000000000    30  0
22.7500000000000    30  0
23  30  0
23.2500000000000    30  0
23.5000000000000    30  0
23.7500000000000    30  0
24  30  0
24.2500000000000    30  0
24.5000000000000    30  0
24.7500000000000    30  0
25  30  0
25.2500000000000    30  0
25.5000000000000    30  0
25.7500000000000    30  0
26  30  0
26.2500000000000    30  0
26.5000000000000    30  0
26.7500000000000    30  0
27  30  0
27.2500000000000    30  0
27.5000000000000    30  0
27.7500000000000    30  0
28  30  0
28.2500000000000    30  0
28.5000000000000    30  0
28.7500000000000    30  0
29  30  0
29.2500000000000    30  0
29.5000000000000    30  0
29.7500000000000    30  0
30  30  0
30.2500000000000    30  0
30.5000000000000    30  0
30.7500000000000    30  0
31  30  0
31.2500000000000    30  0
31.5000000000000    30  0
31.7500000000000    30  0
32  30  0
32.2500000000000    30  0
32.5000000000000    30  0
32.7500000000000    30  0
33  30  0
33.2500000000000    30  0
33.5000000000000    30  0
33.7500000000000    30  0
34  30  0
34.2500000000000    30  0
34.5000000000000    30  0
34.7500000000000    30  0
35  30  0
35.2500000000000    30  0
35.5000000000000    30  0
35.7500000000000    30  0
36  30  0
36.2500000000000    30  0
36.5000000000000    30  0
36.7500000000000    30  0
37  30  0
37.2500000000000    30  0
37.5000000000000    30  0
37.7500000000000    30  0
38  30  0
38.2500000000000    30  0
38.5000000000000    30  0
38.7500000000000    30  0
39  30  0
39.2500000000000    30  0
39.5000000000000    30  0
39.7500000000000    30  0
40  30  0
40.2500000000000    30  0
40.5000000000000    30  0
40.7500000000000    30  0
41  30  0
41.2500000000000    30  0
41.5000000000000    30  0
41.7500000000000    30  0
42  30  0
42.2500000000000    30  0
42.5000000000000    30  0
42.7500000000000    30  0
43  30  0
43.2500000000000    30  0
43.5000000000000    30  0
43.7500000000000    30  0
44  30  0
44.2500000000000    30  0
44.5000000000000    30  0
44.7500000000000    30  0
45  30  0
45.2500000000000    30  0
45.5000000000000    30  0
45.7500000000000    30  0
46  30  0
46.2500000000000    30  0
46.5000000000000    30  0
46.7500000000000    30  0
47  30  0
47.2500000000000    30  0
47.5000000000000    30  0
47.7500000000000    30  0
48  30  0
48.2500000000000    30  0
48.5000000000000    30  0
48.7500000000000    30  0
49  30  0
49.2500000000000    30  0
49.5000000000000    30  0
49.7500000000000    30  0
50  30  0
50.2500000000000    30  0
50.5000000000000    30  0
50.7500000000000    30  0
51  30  0
51.2500000000000    30  0
51.5000000000000    30  0
51.7500000000000    30  0
52  30  0
52.2500000000000    30  0
52.5000000000000    30  0
52.7500000000000    30  0
53  30  0
53.2500000000000    30  0
53.5000000000000    30  0
53.7500000000000    30  0
54  30  0
54.2500000000000    30  0
54.5000000000000    30  0
54.7500000000000    30  0
55  30  0
55.2500000000000    30  0
55.5000000000000    30  0
55.7500000000000    30  0
56  30  0
56.2500000000000    30  0
56.5000000000000    30  0
56.7500000000000    30  0
57  30  0
57.2500000000000    30  0
57.5000000000000    30  0
57.7500000000000    30  0
58  30  0
58.2500000000000    30  0
58.5000000000000    30  0
58.7500000000000    30  0
59  30  0
59.2500000000000    30  0
59.5000000000000    30  0
59.7500000000000    30  0
60  30  0
60.2500000000000    30  0
60.5000000000000    30  0
60.7500000000000    30  0
61  30  0
61.2500000000000    30  0
61.5000000000000    30  0
61.7500000000000    30  0
62  30  0
62.2500000000000    30  0
62.5000000000000    30  0
62.7500000000000    30  0
63  30  0
63.2500000000000    30  0
63.5000000000000    30  0
63.7500000000000    30  0
0   45  0
0.250000000000000   45  0
0.500000000000000   45  0
0.750000000000000   45  0
1   45  0
1.25000000000000    45  0
1.50000000000000    45  0
1.75000000000000    45  0
2   45  0
2.25000000000000    45  0
2.50000000000000    45  0
2.75000000000000    45  0
3   45  0
3.25000000000000    45  0
3.50000000000000    45  0
3.75000000000000    45  0
4   45  0
4.25000000000000    45  0
4.50000000000000    45  0
4.75000000000000    45  0
5   45  0
5.25000000000000    45  0
5.50000000000000    45  0
5.75000000000000    45  0
6   45  0
6.25000000000000    45  0
6.50000000000000    45  0
6.75000000000000    45  0
7   45  0
7.25000000000000    45  0
7.50000000000000    45  0
7.75000000000000    45  0
8   45  0
8.25000000000000    45  0
8.50000000000000    45  0
8.75000000000000    45  0
9   45  0
9.25000000000000    45  0
9.50000000000000    45  0
9.75000000000000    45  0
10  45  0
10.2500000000000    45  0
10.5000000000000    45  0
10.7500000000000    45  0
11  45  0
11.2500000000000    45  0
11.5000000000000    45  0
11.7500000000000    45  0
12  45  0
12.2500000000000    45  0
12.5000000000000    45  0
12.7500000000000    45  0
13  45  0
13.2500000000000    45  0
13.5000000000000    45  0
13.7500000000000    45  0
14  45  0
14.2500000000000    45  0
14.5000000000000    45  0
14.7500000000000    45  0
15  45  0
15.2500000000000    45  0
15.5000000000000    45  0
15.7500000000000    45  0
16  45  0
16.2500000000000    45  0
16.5000000000000    45  0
16.7500000000000    45  0
17  45  0
17.2500000000000    45  0
17.5000000000000    45  0
17.7500000000000    45  0
18  45  0
18.2500000000000    45  0
18.5000000000000    45  0
18.7500000000000    45  0
19  45  0
19.2500000000000    45  0
19.5000000000000    45  0
19.7500000000000    45  0
20  45  0
20.2500000000000    45  0
20.5000000000000    45  0
20.7500000000000    45  0
21  45  0
21.2500000000000    45  0
21.5000000000000    45  0
21.7500000000000    45  0
22  45  0
22.2500000000000    45  0
22.5000000000000    45  0
22.7500000000000    45  0
23  45  0
23.2500000000000    45  0
23.5000000000000    45  0
23.7500000000000    45  0
24  45  0
24.2500000000000    45  0
24.5000000000000    45  0
24.7500000000000    45  0
25  45  0
25.2500000000000    45  0
25.5000000000000    45  0
25.7500000000000    45  0
26  45  0
26.2500000000000    45  0
26.5000000000000    45  0
26.7500000000000    45  0
27  45  0
27.2500000000000    45  0
27.5000000000000    45  0
27.7500000000000    45  0
28  45  0
28.2500000000000    45  0
28.5000000000000    45  0
28.7500000000000    45  0
29  45  0
29.2500000000000    45  0
29.5000000000000    45  0
29.7500000000000    45  0
30  45  0
30.2500000000000    45  0
30.5000000000000    45  0
30.7500000000000    45  0
31  45  0
31.2500000000000    45  0
31.5000000000000    45  0
31.7500000000000    45  0
32  45  0
32.2500000000000    45  0
32.5000000000000    45  0
32.7500000000000    45  0
33  45  0
33.2500000000000    45  0
33.5000000000000    45  0
33.7500000000000    45  0
34  45  0
34.2500000000000    45  0
34.5000000000000    45  0
34.7500000000000    45  0
35  45  0
35.2500000000000    45  0
35.5000000000000    45  0
35.7500000000000    45  0
36  45  0
36.2500000000000    45  0
36.5000000000000    45  0
36.7500000000000    45  0
37  45  0
37.2500000000000    45  0
37.5000000000000    45  0
37.7500000000000    45  0
38  45  0
38.2500000000000    45  0
38.5000000000000    45  0
38.7500000000000    45  0
39  45  0
39.2500000000000    45  0
39.5000000000000    45  0
39.7500000000000    45  0
40  45  0
40.2500000000000    45  0
40.5000000000000    45  0
40.7500000000000    45  0
41  45  0
41.2500000000000    45  0
41.5000000000000    45  0
41.7500000000000    45  0
42  45  0
42.2500000000000    45  0
42.5000000000000    45  0
42.7500000000000    45  0
43  45  0
43.2500000000000    45  0
43.5000000000000    45  0
43.7500000000000    45  0
44  45  0
44.2500000000000    45  0
44.5000000000000    45  0
44.7500000000000    45  0
45  45  0
45.2500000000000    45  0
45.5000000000000    45  0
45.7500000000000    45  0
46  45  0
46.2500000000000    45  0
46.5000000000000    45  0
46.7500000000000    45  0
47  45  0
47.2500000000000    45  0
47.5000000000000    45  0
47.7500000000000    45  0
48  45  0
48.2500000000000    45  0
48.5000000000000    45  0
48.7500000000000    45  0
49  45  0
49.2500000000000    45  0
49.5000000000000    45  0
49.7500000000000    45  0
50  45  0
50.2500000000000    45  0
50.5000000000000    45  0
50.7500000000000    45  0
51  45  0
51.2500000000000    45  0
51.5000000000000    45  0
51.7500000000000    45  0
52  45  0
52.2500000000000    45  0
52.5000000000000    45  0
52.7500000000000    45  0
53  45  0
53.2500000000000    45  0
53.5000000000000    45  0
53.7500000000000    45  0
54  45  0
54.2500000000000    45  0
54.5000000000000    45  0
54.7500000000000    45  0
55  45  0
55.2500000000000    45  0
55.5000000000000    45  0
55.7500000000000    45  0
56  45  0
56.2500000000000    45  0
56.5000000000000    45  0
56.7500000000000    45  0
57  45  0
57.2500000000000    45  0
57.5000000000000    45  0
57.7500000000000    45  0
58  45  0
58.2500000000000    45  0
58.5000000000000    45  0
58.7500000000000    45  0
59  45  0
59.2500000000000    45  0
59.5000000000000    45  0
59.7500000000000    45  0
60  45  0
60.2500000000000    45  0
60.5000000000000    45  0
60.7500000000000    45  0
61  45  0
61.2500000000000    45  0
61.5000000000000    45  0
61.7500000000000    45  0
62  45  0
62.2500000000000    45  0
62.5000000000000    45  0
62.7500000000000    45  0
63  45  0
63.2500000000000    45  0
63.5000000000000    45  0
63.7500000000000    45  0
0   60  0
0.250000000000000   60  0
0.500000000000000   60  0
0.750000000000000   60  0
1   60  0
1.25000000000000    60  0
1.50000000000000    60  0
1.75000000000000    60  0
2   60  0
2.25000000000000    60  0
2.50000000000000    60  0
2.75000000000000    60  0
3   60  0
3.25000000000000    60  0
3.50000000000000    60  0
3.75000000000000    60  0
4   60  0
4.25000000000000    60  0
4.50000000000000    60  0
4.75000000000000    60  0
5   60  0
5.25000000000000    60  0
5.50000000000000    60  0
5.75000000000000    60  0
6   60  0
6.25000000000000    60  0
6.50000000000000    60  0
6.75000000000000    60  0
7   60  0
7.25000000000000    60  0
7.50000000000000    60  0
7.75000000000000    60  0
8   60  0
8.25000000000000    60  0
8.50000000000000    60  0
8.75000000000000    60  0
9   60  0
9.25000000000000    60  0
9.50000000000000    60  0
9.75000000000000    60  0
10  60  0
10.2500000000000    60  0
10.5000000000000    60  0
10.7500000000000    60  0
11  60  0
11.2500000000000    60  0
11.5000000000000    60  0
11.7500000000000    60  0
12  60  0
12.2500000000000    60  0
12.5000000000000    60  0
12.7500000000000    60  0
13  60  0
13.2500000000000    60  0
13.5000000000000    60  0
13.7500000000000    60  0
14  60  0
14.2500000000000    60  0
14.5000000000000    60  0
14.7500000000000    60  0
15  60  0
15.2500000000000    60  0
15.5000000000000    60  0
15.7500000000000    60  0
16  60  0
16.2500000000000    60  0
16.5000000000000    60  0
16.7500000000000    60  0
17  60  0
17.2500000000000    60  0
17.5000000000000    60  0
17.7500000000000    60  0
18  60  0
18.2500000000000    60  0
18.5000000000000    60  0
18.7500000000000    60  0
19  60  0
19.2500000000000    60  0
19.5000000000000    60  0
19.7500000000000    60  0
20  60  0
20.2500000000000    60  0
20.5000000000000    60  0
20.7500000000000    60  0
21  60  0
21.2500000000000    60  0
21.5000000000000    60  0
21.7500000000000    60  0
22  60  0
22.2500000000000    60  0
22.5000000000000    60  0
22.7500000000000    60  0
23  60  0
23.2500000000000    60  0
23.5000000000000    60  0
23.7500000000000    60  0
24  60  0
24.2500000000000    60  0
24.5000000000000    60  0
24.7500000000000    60  0
25  60  0
25.2500000000000    60  0
25.5000000000000    60  0
25.7500000000000    60  0
26  60  0
26.2500000000000    60  0
26.5000000000000    60  0
26.7500000000000    60  0
27  60  0
27.2500000000000    60  0
27.5000000000000    60  0
27.7500000000000    60  0
28  60  0
28.2500000000000    60  0
28.5000000000000    60  0
28.7500000000000    60  0
29  60  0
29.2500000000000    60  0
29.5000000000000    60  0
29.7500000000000    60  0
30  60  0
30.2500000000000    60  0
30.5000000000000    60  0
30.7500000000000    60  0
31  60  0
31.2500000000000    60  0
31.5000000000000    60  0
31.7500000000000    60  0
32  60  0
32.2500000000000    60  0
32.5000000000000    60  0
32.7500000000000    60  0
33  60  0
33.2500000000000    60  0
33.5000000000000    60  0
33.7500000000000    60  0
34  60  0
34.2500000000000    60  0
34.5000000000000    60  0
34.7500000000000    60  0
35  60  0
35.2500000000000    60  0
35.5000000000000    60  0
35.7500000000000    60  0
36  60  0
36.2500000000000    60  0
36.5000000000000    60  0
36.7500000000000    60  0
37  60  0
37.2500000000000    60  0
37.5000000000000    60  0
37.7500000000000    60  0
38  60  0
38.2500000000000    60  0
38.5000000000000    60  0
38.7500000000000    60  0
39  60  0
39.2500000000000    60  0
39.5000000000000    60  0
39.7500000000000    60  0
40  60  0
40.2500000000000    60  0
40.5000000000000    60  0
40.7500000000000    60  0
41  60  0
41.2500000000000    60  0
41.5000000000000    60  0
41.7500000000000    60  0
42  60  0
42.2500000000000    60  0
42.5000000000000    60  0
42.7500000000000    60  0
43  60  0
43.2500000000000    60  0
43.5000000000000    60  0
43.7500000000000    60  0
44  60  0
44.2500000000000    60  0
44.5000000000000    60  0
44.7500000000000    60  0
45  60  0
45.2500000000000    60  0
45.5000000000000    60  0
45.7500000000000    60  0
46  60  0
46.2500000000000    60  0
46.5000000000000    60  0
46.7500000000000    60  0
47  60  0
47.2500000000000    60  0
47.5000000000000    60  0
47.7500000000000    60  0
48  60  0
48.2500000000000    60  0
48.5000000000000    60  0
48.7500000000000    60  0
49  60  0
49.2500000000000    60  0
49.5000000000000    60  0
49.7500000000000    60  0
50  60  0
50.2500000000000    60  0
50.5000000000000    60  0
50.7500000000000    60  0
51  60  0
51.2500000000000    60  0
51.5000000000000    60  0
51.7500000000000    60  0
52  60  0
52.2500000000000    60  0
52.5000000000000    60  0
52.7500000000000    60  0
53  60  0
53.2500000000000    60  0
53.5000000000000    60  0
53.7500000000000    60  0
54  60  0
54.2500000000000    60  0
54.5000000000000    60  0
54.7500000000000    60  0
55  60  0
55.2500000000000    60  0
55.5000000000000    60  0
55.7500000000000    60  0
56  60  0
56.2500000000000    60  0
56.5000000000000    60  0
56.7500000000000    60  0
57  60  0
57.2500000000000    60  0
57.5000000000000    60  0
57.7500000000000    60  0
58  60  0
58.2500000000000    60  0
58.5000000000000    60  0
58.7500000000000    60  0
59  60  0
59.2500000000000    60  0
59.5000000000000    60  0
59.7500000000000    60  0
60  60  0
60.2500000000000    60  0
60.5000000000000    60  0
60.7500000000000    60  0
61  60  0
61.2500000000000    60  0
61.5000000000000    60  0
61.7500000000000    60  0
62  60  0
62.2500000000000    60  0
62.5000000000000    60  0
62.7500000000000    60  0
63  60  0
63.2500000000000    60  0
63.5000000000000    60  0
63.7500000000000    60  0