2.20285645956888e-08,  -5.65978970024670e-07, -1.14252882270768e-06, -1.65739161509457e-06,
         -2.05938910070430e-06, -2.30062311363058e-06, -2.34126053948774e-06, -2.15462115089311e-06,
         -1.73222442811505e-06, -1.08835503639540e-06, -2.63606763327717e-07, 6.73235843310269e-07,
         1.62571705015641e-06,  2.47346194701659e-06,  3.08007487561432e-06,  3.30616759649414e-06,
         3.02855243036611e-06,  2.16666613934683e-06,  7.17295598851346e-07,  -1.20134726343265e-06,
         -3.29520947210833e-06, -5.02873872825884e-06, -5.54720922895997e-06, -3.58642402031131e-06,
         2.63060855841303e-06,  1.55101829412959e-05,  3.82174662971212e-05,  7.48186915866401e-05,
         0.000130435187284355,  0.000211408082882889,  0.000325472133760779,  0.000481936699157212,
         0.000691871490627306,  0.000968294294094115,  0.00132635746585675,   0.00178352962162970,
         0.00235976858824408,   0.00307768138059059,   0.00396266671224037,   0.00504303535716691,
         0.00635010356180290,   0.00791825467018930,   0.00978496417804989,   0.0119907835808028,
         0.0145792786307987,    0.0175969179737239,    0.0210929085944489,    0.0251189750678849,
         0.0297290802776623,    0.0349790860294258,    0.0409263528386977,    0.0476292791057583,
         0.0551467808897721,    0.0635377145473196,    0.0728602455904844,    0.0831711682290191,
         0.0945251811705973,    0.106974126342665,     0.120566198247675,     0.135345132649515,
         0.151349384191101,     0.168611303340757,     0.187156323738390,     0.207002171542739,
         0.228158108751835,     0.250624222665355,     0.274390773668275,     0.299437613330604,
         0.325733684432752,     0.353236613937489,     0.381892409138879,     0.411635266231421,
         0.442387499366591,     0.474059596913169,     0.506550410126689,     0.539747477782625,
         0.573527488559878,     0.607756881101008,     0.642292579752258,     0.676982862028333,
         0.711668351886751,     0.746183130965846,     0.780355958072011,     0.814011585427741,
         0.846972158543965,     0.879058685087848,     0.910092556808574,     0.939897107483774,
         0.968299188980497,     0.995130746904553,     1.02023037695707,      1.04344484303436,
         1.06463053830531,      1.08365487097812,      1.10039755722211,      1.11475180473198,
         1.12662537169722,      1.13594148745054,      1.14263962279469,      1.14667609991988,
         1.14802453389575,      1.14667609991988,      1.14263962279469,      1.13594148745054,
         1.12662537169722,      1.11475180473198,      1.10039755722211,      1.08365487097812,
         1.06463053830531,      1.04344484303436,      1.02023037695707,      0.995130746904553,
         0.968299188980497,     0.939897107483774,     0.910092556808574,     0.879058685087848,
         0.846972158543965,     0.814011585427741,     0.780355958072011,     0.746183130965846,
         0.711668351886751,     0.676982862028333,     0.642292579752258,     0.607756881101008,
         0.573527488559878,     0.539747477782625,     0.506550410126689,     0.474059596913169,
         0.442387499366591,     0.411635266231421,     0.381892409138879,     0.353236613937489,
         0.325733684432752,     0.299437613330604,     0.274390773668275,     0.250624222665355,
         0.228158108751835,     0.207002171542739,     0.187156323738390,     0.168611303340757,
         0.151349384191101,     0.135345132649515,     0.120566198247675,     0.106974126342665,
         0.0945251811705973,    0.0831711682290191,    0.0728602455904844,    0.0635377145473196,
         0.0551467808897721,    0.0476292791057583,    0.0409263528386977,    0.0349790860294258,
         0.0297290802776623,    0.0251189750678849,    0.0210929085944489,    0.0175969179737239,
         0.0145792786307987,    0.0119907835808028,    0.00978496417804989,   0.00791825467018930,
         0.00635010356180290,   0.00504303535716691,   0.00396266671224037,   0.00307768138059059,
         0.00235976858824408,   0.00178352962162970,   0.00132635746585675,   0.000968294294094115,
         0.000691871490627306,  0.000481936699157212,  0.000325472133760779,  0.000211408082882889,
         0.000130435187284355,  7.48186915866401e-05,  3.82174662971212e-05,  1.55101829412959e-05,
         2.63060855841303e-06,  -3.58642402031131e-06, -5.54720922895997e-06, -5.02873872825884e-06,
         -3.29520947210833e-06, -1.20134726343265e-06, 7.17295598851346e-07,  2.16666613934683e-06,
         3.02855243036611e-06,  3.30616759649414e-06,  3.08007487561432e-06,  2.47346194701659e-06,
         1.62571705015641e-06,  6.73235843310269e-07,  -2.63606763327717e-07, -1.08835503639540e-06,
         -1.73222442811505e-06, -2.15462115089311e-06, -2.34126053948774e-06, -2.30062311363058e-06,
         -2.05938910070430e-06, -1.65739161509457e-06, -1.14252882270768e-06, -5.65978970024670e-07,
         2.20285645956888e-08
