7.79493274433476e-06, 9.94228692044273e-06, 1.26502224466048e-05, 1.60563927676993e-05,
         2.03299239766315e-05, 2.56780166749567e-05, 3.23537890143938e-05, 4.06655613866274e-05,
         5.09878084634825e-05, 6.37740311948571e-05, 7.95718297198766e-05, 9.90404876110699e-05,
         0.000122971408011274, 0.000152311772467652, 0.000188191822900232, 0.000231956195286902,
         0.000285199759252389, 0.000349808439580846, 0.000428005512304208, 0.000522403877831003,
         0.000636064814761461, 0.000772563708591247, 0.000936063227281556, 0.00113139437837454,
         0.00136414582756920,  0.00164076178400285,  0.00196864866047992,  0.00235629059521048,
         0.00281337377309935,  0.00335091930736851,  0.00398142423479201,  0.00471900993907302,
         0.00557957704653091,  0.00658096553669976,  0.00774311847898104,  0.00908824744749947,
         0.0106409972833003,   0.0124286074708006,   0.0144810669801267,   0.0168312590062418,
         0.0195150916186365,   0.0225716099323464,   0.0260430850340541,   0.0299750745592136,
         0.0344164495317796,   0.0394193818623717,   0.0450392867692755,   0.0513347143555023,
         0.0583671846598817,   0.0662009607158526,   0.0749027545119931,   0.0845413612653258,
         0.0951872181015903,   0.106911884092501,    0.119787439631420,    0.133885804334611,
         0.149277974029365,    0.166033178921789,    0.184217966709446,    0.203895216195312,
         0.225123088841899,    0.247953927644749,    0.272433114664262,    0.298597900490936,
         0.326476220784425,    0.356085516771036,    0.387431578155354,    0.420507428246497,
         0.455292272165956,    0.491750529741991,    0.529830975058956,    0.569466004578028,
         0.610571055244923,    0.653044193025209,    0.696765890843863,    0.741599012948688,
         0.787389020275581,    0.833964408488515,    0.881137387032589,    0.928704803822208,
         0.976449316148087,    1.02414080409832,     1.07153801833231,     1.11839044951313,
         1.16444040219188,     1.20942525154877,     1.25307985723552,     1.29513910473391,
         1.33534054124762,     1.37342707027051,     1.40914966670890,     1.44227007284921,
         1.47256343461343,     1.49982083747333,     1.52385170212352,     1.54448600154692,
         1.56157626342703,     1.57499932493493,     1.58465781068938,     1.59048130908291,
         1.59242722709602,     1.59048130908291,     1.58465781068938,     1.57499932493493,
         1.56157626342703,     1.54448600154692,     1.52385170212352,     1.49982083747333,
         1.47256343461343,     1.44227007284921,     1.40914966670890,     1.37342707027051,
         1.33534054124762,     1.29513910473391,     1.25307985723552,     1.20942525154877,
         1.16444040219188,     1.11839044951313,     1.07153801833231,     1.02414080409832,
         0.976449316148087,    0.928704803822208,    0.881137387032589,    0.833964408488515,
         0.787389020275581,    0.741599012948688,    0.696765890843863,    0.653044193025209,
         0.610571055244923,    0.569466004578028,    0.529830975058956,    0.491750529741991,
         0.455292272165956,    0.420507428246497,    0.387431578155354,    0.356085516771036,
         0.326476220784425,    0.298597900490936,    0.272433114664262,    0.247953927644749,
         0.225123088841899,    0.203895216195312,    0.184217966709446,    0.166033178921789,
         0.149277974029365,    0.133885804334611,    0.119787439631420,    0.106911884092501,
         0.0951872181015903,   0.0845413612653258,   0.0749027545119931,   0.0662009607158526,
         0.0583671846598817,   0.0513347143555023,   0.0450392867692755,   0.0394193818623717,
         0.0344164495317796,   0.0299750745592136,   0.0260430850340541,   0.0225716099323464,
         0.0195150916186365,   0.0168312590062418,   0.0144810669801267,   0.0124286074708006,
         0.0106409972833003,   0.00908824744749947,  0.00774311847898104,  0.00658096553669976,
         0.00557957704653091,  0.00471900993907302,  0.00398142423479201,  0.00335091930736851,
         0.00281337377309935,  0.00235629059521048,  0.00196864866047992,  0.00164076178400285,
         0.00136414582756920,  0.00113139437837454,  0.000936063227281556, 0.000772563708591247,
         0.000636064814761461, 0.000522403877831003, 0.000428005512304208, 0.000349808439580846,
         0.000285199759252389, 0.000231956195286902, 0.000188191822900232, 0.000152311772467652,
         0.000122971408011274, 9.90404876110699e-05, 7.95718297198766e-05, 6.37740311948571e-05,
         5.09878084634825e-05, 4.06655613866274e-05, 3.23537890143938e-05, 2.56780166749567e-05,
         2.03299239766315e-05, 1.60563927676993e-05, 1.26502224466048e-05, 9.94228692044273e-06,
         7.79493274433476e-06
