0,
                          0,
                          0,
                          0,
                          0,
                          0,
                          0,
                          0,
                          0,
                          0,
                          0,
                          0,
                          0,
                          0,
                          0,
                          0,
                          0,
                          0,
                          0,
                          0,
                          0,
                          0,
                          0,
                          0,
                          0,
                          0,
                          0,
                          0,
                          0,
                          0,
                          0,
                          0,
                          0,
                          0,
                          0,
                          0,
                          0,
                          0,
                          0,
                          0,
                          0,
                          0,
                          0,
                          0,
                          0,
                          0,
                          0,
                          0,
                          0,
                          0,
                          0.00402855900000000,
                          0.00588153433939356,
                          0.00821952639228226,
                          0.0111158669430303,
                          0.0146478855232069,
                          0.0188962078206995,
                          0.0239439421424684,
                          0.0298757528075581,
                          0.0367768217498934,
                          0.0447317023790150,
                          0.0538230728460491,
                          0.0641303992346064,
                          0.0757285227611846,
                          0.0886862748494166,
                          0.103065146567479,
                          0.118917601418165,
                          0.136285759803160,
                          0.155200092140847,
                          0.175678099523451,
                          0.197723107257007,
                          0.221323193286154,
                          0.246450272914332,
                          0.273059360180902,
                          0.301088024737891,
                          0.330456061079659,
                          0.361065384531118,
                          0.392800165519523,
                          0.425527210380104,
                          0.459096593328513,
                          0.493342540336922,
                          0.528084561549678,
                          0.563128824651590,
                          0.598269757346345,
                          0.633291862907367,
                          0.667971728722788,
                          0.702080203962751,
                          0.735384719039146,
                          0.767651716486410,
                          0.798649160339165,
                          0.828149089079260,
                          0.855930175819319,
                          0.881780258617002,
                          0.905498803694023,
                          0.926899264872818,
                          0.945811303733580,
                          0.962082836813986,
                          0.975581878589836,
                          0.986198151942241,
                          0.993844441281575,
                          0.998457667397153,
                          0.999999667364857,
                          0.998457667397153,
                          0.993844441281575,
                          0.986198151942241,
                          0.975581878589836,
                          0.962082836813986,
                          0.945811303733580,
                          0.926899264872818,
                          0.905498803694023,
                          0.881780258617002,
                          0.855930175819319,
                          0.828149089079260,
                          0.798649160339165,
                          0.767651716486410,
                          0.735384719039146,
                          0.702080203962751,
                          0.667971728722788,
                          0.633291862907367,
                          0.598269757346345,
                          0.563128824651590,
                          0.528084561549678,
                          0.493342540336922,
                          0.459096593328513,
                          0.425527210380104,
                          0.392800165519523,
                          0.361065384531118,
                          0.330456061079659,
                          0.301088024737891,
                          0.273059360180902,
                          0.246450272914332,
                          0.221323193286154,
                          0.197723107257007,
                          0.175678099523451,
                          0.155200092140847,
                          0.136285759803160,
                          0.118917601418165,
                          0.103065146567479,
                          0.0886862748494166,
                          0.0757285227611846,
                          0.0641303992346064,
                          0.0538230728460491,
                          0.0447317023790150,
                          0.0367768217498934,
                          0.0298757528075581,
                          0.0239439421424684,
                          0.0188962078206995,
                          0.0146478855232069,
                          0.0111158669430303,
                          0.00821952639228226,
                          0.00588153433939356,
                          0.00402855900000000,
                          0,
                          0,
                          0,
                          0,
                          0,
                          0,
                          0,
                          0,
                          0,
                          0,
                          0,
                          0,
                          0,
                          0,
                          0,
                          0,
                          0,
                          0,
                          0,
                          0,
                          0,
                          0,
                          0,
                          0,
                          0,
                          0,
                          0,
                          0,
                          0,
                          0,
                          0,
                          0,
                          0,
                          0,
                          0,
                          0,
                          0,
                          0,
                          0,
                          0,
                          0,
                          0,
                          0,
                          0,
                          0,
                          0,
                          0,
                          0,
                          0,
                          0
