0.000699879769063488,
                           0.000734550335813170,
                           0.000770813962412435,
                           0.000808737299262344,
                           0.000848389458032121,
                           0.000889842087032812,
                           0.000933169448195548,
                           0.000978448495656672,
                           0.00102575895595036,
                           0.00107518340980737,
                           0.00112680737555679,
                           0.00118071939412560,
                           0.00123701111562861,
                           0.00129577738753945,
                           0.00135711634443075,
                           0.00142112949926929,
                           0.00148792183624960,
                           0.00155760190514682,
                           0.00163028191716677,
                           0.00170607784226887,
                           0.00178510950793429,
                           0.00186750069934881,
                           0.00195337926096717,
                           0.00204287719942195,
                           0.00213613078773737,
                           0.00223328067080457,
                           0.00233447197207188,
                           0.00243985440139970,
                           0.00254958236402629,
                           0.00266381507058677,
                           0.00278271664812404,
                           0.00290645625202629,
                           0.00303520817882174,
                           0.00316915197975733,
                           0.00330847257508363,
                           0.00345336036896434,
                           0.00360401136492399,
                           0.00376062728174355,
                           0.00392341566970854,
                           0.00409259002711025,
                           0.00426836991689576,
                           0.00445098108335776,
                           0.00464065556875038,
                           0.00483763182971278,
                           0.00504215485337676,
                           0.00525447627303051,
                           0.00547485448320485,
                           0.00570355475404418,
                           0.00594084934481857,
                           0.00618701761642908,
                           0.00644234614275277,
                           0.00670712882066924,
                           0.00698166697860525,
                           0.00726626948342904,
                           0.00756125284552083,
                           0.00786694132184118,
                           0.00818366701681348,
                           0.00851176998083246,
                           0.00885159830620527,
                           0.00920350822032722,
                           0.00956786417588879,
                           0.00994503893790690,
                           0.0103354136673680,
                           0.0107393780012658,
                           0.0111573301288138,
                           0.0115896768636053,
                           0.0120368337114932,
                           0.0124992249339547,
                           0.0129772836067038,
                           0.0134714516733111,
                           0.0139821799935847,
                           0.0145099283864656,
                           0.0150551656671856,
                           0.0156183696784335,
                           0.0162000273152735,
                           0.0168006345435551,
                           0.0174206964115545,
                           0.0180607270545826,
                           0.0187212496922949,
                           0.0194027966184369,
                           0.0201059091827567,
                           0.0208311377648161,
                           0.0215790417394323,
                           0.0223501894334788,
                           0.0231451580737793,
                           0.0239645337258231,
                           0.0248089112230371,
                           0.0256788940863468,
                           0.0265750944337617,
                           0.0274981328797241,
                           0.0284486384239596,
                           0.0294272483295739,
                           0.0304346079901428,
                           0.0314713707855435,
                           0.0325381979262851,
                           0.0336357582860962,
                           0.0347647282225337,
                           0.0359257913853865,
                           0.0371196385126465,
                           0.0383469672138356,
                           0.0396084817404756,
                           0.0409048927435024,
                           0.0422369170174299,
                           0.0436052772310812,
                           0.0450107016447105,
                           0.0464539238133536,
                           0.0479356822762494,
                           0.0494567202321930,
                           0.0510177852006850,
                           0.0526196286687601,
                           0.0542630057233863,
                           0.0559486746693428,
                           0.0576773966324938,
                           0.0594499351483950,
                           0.0612670557361800,
                           0.0631295254576919,
                           0.0650381124618393,
                           0.0669935855141739,
                           0.0689967135117022,
                           0.0710482649829623,
                           0.0731490075734142,
                           0.0752997075162107,
                           0.0775011290884327,
                           0.0797540340528955,
                           0.0820591810856499,
                           0.0844173251893211,
                           0.0868292170924514,
                           0.0892956026350324,
                           0.0918172221404328,
                           0.0943948097739498,
                           0.0970290928882350,
                           0.0997207913558665,
                           0.102470616889362,
                           0.105279272348950,
                           0.108147451038438,
                           0.111075835989545,
                           0.114065099235078,
                           0.117115901071369,
                           0.120228889310397,
                           0.123404698522063,
                           0.126643949267090,
                           0.129947247321051,
                           0.133315182890056,
                           0.136748329818647,
                           0.140247244790477,
                           0.143812466522364,
                           0.147444514952346,
                           0.151143890422381,
                           0.154911072856348,
                           0.158746520934044,
                           0.162650671261893,
                           0.166623937541076,
                           0.170666709733863,
                           0.174779353228893,
                           0.178962208006213,
                           0.183215587802879,
                           0.187539779279958,
                           0.191935041191769,
                           0.196401603558241,
                           0.200939666841274,
                           0.205549401125988,
                           0.210230945307796,
                           0.214984406286217,
                           0.219809858166382,
                           0.224707341469186,
                           0.229676862351052,
                           0.234718391834299,
                           0.239831865049088,
                           0.245017180487957,
                           0.250274199273943,
                           0.255602744443307,
                           0.261002600243882,
                           0.266473511450057,
                           0.272015182695439,
                           0.277627277824195,
                           0.283309419262124,
                           0.289061187408468,
                           0.294882120049496,
                           0.300771711794874,
                           0.306729413537832,
                           0.312754631940148,
                           0.318846728942931,
                           0.325005021304212,
                           0.331228780164299,
                           0.337517230639884,
                           0.343869551447840,
                           0.350284874559649,
                           0.356762284887377,
                           0.363300820002107,
                           0.369899469885695,
                           0.376557176716720,
                           0.383272834691460,
                           0.390045289880703,
                           0.396873340123180,
                           0.403755734956380,
                           0.410691175585469,
                           0.417678314891011,
                           0.424715757476165,
                           0.431802059753978,
                           0.438935730075381,
                           0.446115228898436,
                           0.453338968999378,
                           0.460605315725911,
                           0.467912587293223,
                           0.475259055123106,
                           0.482642944226556,
                           0.490062433630159,
                           0.497515656846536,
                           0.505000702389078,
                           0.512515614331134,
                           0.520058392909812,
                           0.527626995174436,
                           0.535219335679730,
                           0.542833287223675,
                           0.550466681629998,
                           0.558117310575161,
                           0.565782926459664,
                           0.573461243323464,
                           0.581149937805200,
                           0.588846650144909,
                           0.596548985229844,
                           0.604254513682941,
                           0.611960772993456,
                           0.619665268689203,
                           0.627365475549802,
                           0.635058838860270,
                           0.642742775704245,
                           0.650414676296073,
                           0.658071905350936,
                           0.665711803492151,
                           0.673331688694706,
                           0.680928857764055,
                           0.688500587849150,
                           0.696044137988615,
                           0.703556750688933,
                           0.711035653533477,
                           0.718478060821137,
                           0.725881175233287,
                           0.733242189527750,
                           0.740558288258413,
                           0.747826649519071,
                           0.755044446710050,
                           0.762208850326119,
                           0.769317029764164,
                           0.776366155149043,
                           0.783353399176031,
                           0.790275938968212,
                           0.797130957947146,
                           0.803915647715110,
                           0.810627209947195,
                           0.817262858291488,
                           0.823819820275572,
                           0.830295339217536,
                           0.836686676139680,
                           0.842991111683067,
                           0.849205948021079,
                           0.855328510770093,
                           0.861356150895418,
                           0.867286246610587,
                           0.873116205268119,
                           0.878843465239859,
                           0.884465497784977,
                           0.889979808903757,
                           0.895383941175252,
                           0.900675475576940,
                           0.905852033284487,
                           0.910911277449748,
                           0.915850914955168,
                           0.920668698142714,
                           0.925362426515542,
                           0.929929948410593,
                           0.934369162640325,
                           0.938678020101856,
                           0.942854525351773,
                           0.946896738144925,
                           0.950802774935535,
                           0.954570810339018,
                           0.958199078552896,
                           0.961685874735289,
                           0.965029556339449,
                           0.968228544402904,
                           0.971281324789764,
                           0.974186449384856,
                           0.976942537238333,
                           0.979548275659527,
                           0.982002421258801,
                           0.984303800936268,
                           0.986451312816259,
                           0.988443927126510,
                           0.990280687021073,
                           0.991960709346049,
                           0.993483185347261,
                           0.994847381319100,
                           0.996052639193792,
                           0.997098377070437,
                           0.997984089683222,
                           0.998709348808275,
                           0.999273803608710,
                           0.999677180917468,
                           0.999919285457637,
                           1,
                           0.999919285457637,
                           0.999677180917468,
                           0.999273803608710,
                           0.998709348808275,
                           0.997984089683222,
                           0.997098377070437,
                           0.996052639193792,
                           0.994847381319100,
                           0.993483185347261,
                           0.991960709346049,
                           0.990280687021073,
                           0.988443927126510,
                           0.986451312816259,
                           0.984303800936268,
                           0.982002421258801,
                           0.979548275659527,
                           0.976942537238333,
                           0.974186449384856,
                           0.971281324789764,
                           0.968228544402904,
                           0.965029556339449,
                           0.961685874735289,
                           0.958199078552896,
                           0.954570810339018,
                           0.950802774935535,
                           0.946896738144925,
                           0.942854525351773,
                           0.938678020101856,
                           0.934369162640325,
                           0.929929948410593,
                           0.925362426515542,
                           0.920668698142714,
                           0.915850914955168,
                           0.910911277449748,
                           0.905852033284487,
                           0.900675475576940,
                           0.895383941175252,
                           0.889979808903757,
                           0.884465497784977,
                           0.878843465239859,
                           0.873116205268119,
                           0.867286246610587,
                           0.861356150895418,
                           0.855328510770093,
                           0.849205948021079,
                           0.842991111683067,
                           0.836686676139680,
                           0.830295339217536,
                           0.823819820275572,
                           0.817262858291488,
                           0.810627209947195,
                           0.803915647715110,
                           0.797130957947146,
                           0.790275938968212,
                           0.783353399176031,
                           0.776366155149043,
                           0.769317029764164,
                           0.762208850326119,
                           0.755044446710050,
                           0.747826649519071,
                           0.740558288258413,
                           0.733242189527750,
                           0.725881175233287,
                           0.718478060821137,
                           0.711035653533477,
                           0.703556750688933,
                           0.696044137988615,
                           0.688500587849150,
                           0.680928857764055,
                           0.673331688694706,
                           0.665711803492151,
                           0.658071905350936,
                           0.650414676296073,
                           0.642742775704245,
                           0.635058838860270,
                           0.627365475549802,
                           0.619665268689203,
                           0.611960772993456,
                           0.604254513682941,
                           0.596548985229844,
                           0.588846650144909,
                           0.581149937805200,
                           0.573461243323464,
                           0.565782926459664,
                           0.558117310575161,
                           0.550466681629998,
                           0.542833287223675,
                           0.535219335679730,
                           0.527626995174436,
                           0.520058392909812,
                           0.512515614331134,
                           0.505000702389078,
                           0.497515656846536,
                           0.490062433630159,
                           0.482642944226556,
                           0.475259055123106,
                           0.467912587293223,
                           0.460605315725911,
                           0.453338968999378,
                           0.446115228898436,
                           0.438935730075381,
                           0.431802059753978,
                           0.424715757476165,
                           0.417678314891011,
                           0.410691175585469,
                           0.403755734956380,
                           0.396873340123180,
                           0.390045289880703,
                           0.383272834691460,
                           0.376557176716720,
                           0.369899469885695,
                           0.363300820002107,
                           0.356762284887377,
                           0.350284874559649,
                           0.343869551447840,
                           0.337517230639884,
                           0.331228780164299,
                           0.325005021304212,
                           0.318846728942931,
                           0.312754631940148,
                           0.306729413537832,
                           0.300771711794874,
                           0.294882120049496,
                           0.289061187408468,
                           0.283309419262124,
                           0.277627277824195,
                           0.272015182695439,
                           0.266473511450057,
                           0.261002600243882,
                           0.255602744443307,
                           0.250274199273943,
                           0.245017180487957,
                           0.239831865049088,
                           0.234718391834299,
                           0.229676862351052,
                           0.224707341469186,
                           0.219809858166382,
                           0.214984406286217,
                           0.210230945307796,
                           0.205549401125988,
                           0.200939666841274,
                           0.196401603558241,
                           0.191935041191769,
                           0.187539779279958,
                           0.183215587802879,
                           0.178962208006213,
                           0.174779353228893,
                           0.170666709733863,
                           0.166623937541076,
                           0.162650671261893,
                           0.158746520934044,
                           0.154911072856348,
                           0.151143890422381,
                           0.147444514952346,
                           0.143812466522364,
                           0.140247244790477,
                           0.136748329818647,
                           0.133315182890056,
                           0.129947247321051,
                           0.126643949267090,
                           0.123404698522063,
                           0.120228889310397,
                           0.117115901071369,
                           0.114065099235078,
                           0.111075835989545,
                           0.108147451038438,
                           0.105279272348950,
                           0.102470616889362,
                           0.0997207913558665,
                           0.0970290928882350,
                           0.0943948097739498,
                           0.0918172221404328,
                           0.0892956026350324,
                           0.0868292170924514,
                           0.0844173251893211,
                           0.0820591810856499,
                           0.0797540340528955,
                           0.0775011290884327,
                           0.0752997075162107,
                           0.0731490075734142,
                           0.0710482649829623,
                           0.0689967135117022,
                           0.0669935855141739,
                           0.0650381124618393,
                           0.0631295254576919,
                           0.0612670557361800,
                           0.0594499351483950,
                           0.0576773966324938,
                           0.0559486746693428,
                           0.0542630057233863,
                           0.0526196286687601,
                           0.0510177852006850,
                           0.0494567202321930,
                           0.0479356822762494,
                           0.0464539238133536,
                           0.0450107016447105,
                           0.0436052772310812,
                           0.0422369170174299,
                           0.0409048927435024,
                           0.0396084817404756,
                           0.0383469672138356,
                           0.0371196385126465,
                           0.0359257913853865,
                           0.0347647282225337,
                           0.0336357582860962,
                           0.0325381979262851,
                           0.0314713707855435,
                           0.0304346079901428,
                           0.0294272483295739,
                           0.0284486384239596,
                           0.0274981328797241,
                           0.0265750944337617,
                           0.0256788940863468,
                           0.0248089112230371,
                           0.0239645337258231,
                           0.0231451580737793,
                           0.0223501894334788,
                           0.0215790417394323,
                           0.0208311377648161,
                           0.0201059091827567,
                           0.0194027966184369,
                           0.0187212496922949,
                           0.0180607270545826,
                           0.0174206964115545,
                           0.0168006345435551,
                           0.0162000273152735,
                           0.0156183696784335,
                           0.0150551656671856,
                           0.0145099283864656,
                           0.0139821799935847,
                           0.0134714516733111,
                           0.0129772836067038,
                           0.0124992249339547,
                           0.0120368337114932,
                           0.0115896768636053,
                           0.0111573301288138,
                           0.0107393780012658,
                           0.0103354136673680,
                           0.00994503893790690,
                           0.00956786417588879,
                           0.00920350822032722,
                           0.00885159830620527,
                           0.00851176998083246,
                           0.00818366701681348,
                           0.00786694132184118,
                           0.00756125284552083,
                           0.00726626948342904,
                           0.00698166697860525,
                           0.00670712882066924,
                           0.00644234614275277,
                           0.00618701761642908,
                           0.00594084934481857,
                           0.00570355475404418,
                           0.00547485448320485,
                           0.00525447627303051,
                           0.00504215485337676,
                           0.00483763182971278,
                           0.00464065556875038,
                           0.00445098108335776,
                           0.00426836991689576,
                           0.00409259002711025,
                           0.00392341566970854,
                           0.00376062728174355,
                           0.00360401136492399,
                           0.00345336036896434,
                           0.00330847257508363,
                           0.00316915197975733,
                           0.00303520817882174,
                           0.00290645625202629,
                           0.00278271664812404,
                           0.00266381507058677,
                           0.00254958236402629,
                           0.00243985440139970,
                           0.00233447197207188,
                           0.00223328067080457,
                           0.00213613078773737,
                           0.00204287719942195,
                           0.00195337926096717,
                           0.00186750069934881,
                           0.00178510950793429,
                           0.00170607784226887,
                           0.00163028191716677,
                           0.00155760190514682,
                           0.00148792183624960,
                           0.00142112949926929,
                           0.00135711634443075,
                           0.00129577738753945,
                           0.00123701111562861,
                           0.00118071939412560,
                           0.00112680737555679,
                           0.00107518340980737,
                           0.00102575895595036,
                           0.000978448495656672,
                           0.000933169448195548,
                           0.000889842087032812,
                           0.000848389458032121,
                           0.000808737299262344,
                           0.000770813962412435,
                           0.000734550335813170,
                           0.000699879769063488
