0,
                          2.86633764298305e-05,
                          6.10846400522510e-05,
                          9.74867114534197e-05,
                          0.000138099275436011,
                          0.000183158834715579,
                          0.000232908759839985,
                          0.000287599335260365,
                          0.000347487801482491,
                          0.000412838393227599,
                          0.000483922373532247,
                          0.000561018063717058,
                          0.000644410869154929,
                          0.000734393300769595,
                          0.000831264992196336,
                          0.000935332712537120,
                          0.00104691037464341,
                          0.00116631903886053,
                          0.00129388691216873,
                          0.00142994934265658,
                          0.00157484880926400,
                          0.00172893490673290,
                          0.00189256432570485,
                          0.00206610082790644,
                          0.00224991521636458,
                          0.00244438530059500,
                          0.00264989585670940,
                          0.00286683858238768,
                          0.00309561204666389,
                          0.00333662163447619,
                          0.00359027948593289,
                          0.00385700443024882,
                          0.00413722191430810,
                          0.00443136392581194,
                          0.00473986891097181,
                          0.00506318168671114,
                          0.00540175334734086,
                          0.00575604116567666,
                          0.00612650848856852,
                          0.00651362462681571,
                          0.00691786473944308,
                          0.00733970971231783,
                          0.00777964603108813,
                          0.00823816564842889,
                          0.00871576584558228,
                          0.00921294908818468,
                          0.00973022287637387,
                          0.0102680995891754,
                          0.0108270963231686,
                          0.0114077347254377,
                          0.0120105408208164,
                          0.0126360448334390,
                          0.0132847810026130,
                          0.0139572873930336,
                          0.0146541056993654,
                          0.0153757810452170,
                          0.0161228617765427,
                          0.0168958992495060,
                          0.0176954476128461,
                          0.0185220635847929,
                          0.0193763062245777,
                          0.0202587366985953,
                          0.0211699180412740,
                          0.0221104149107163,
                          0.0230807933391785,
                          0.0240816204784586,
                          0.0251134643402719,
                          0.0261768935316915,
                          0.0272724769857440,
                          0.0284007836872455,
                          0.0295623823939785,
                          0.0307578413533050,
                          0.0319877280143243,
                          0.0332526087356823,
                          0.0345530484891478,
                          0.0358896256250000,
                          0.0372628731910778,
                          0.0386733693229407,
                          0.0401216707418761,
                          0.0416083313712472,
                          0.0431339020245731,
                          0.0446989300905778,
                          0.0463039592153665,
                          0.0479495289818953,
                          0.0496361745868978,
                          0.0513644265154379,
                          0.0531348102132585,
                          0.0549478457571002,
                          0.0568040475231635,
                          0.0587039238538933,
                          0.0606479767232639,
                          0.0626367014007467,
                          0.0646705861141433,
                          0.0667501117114703,
                          0.0688757513220816,
                          0.0710479700172189,
                          0.0732672244701787,
                          0.0755339626162902,
                          0.0778486233128962,
                          0.0802116359995324,
                          0.0826234203585025,
                          0.0850843859760454,
                          0.0875949320042938,
                          0.0901554468242243,
                          0.0927663077097996,
                          0.0954278804935044,
                          0.0981405192334776,
                          0.100904565882443,
                          0.103720349958646,
                          0.106588188218989,
                          0.109508384334590,
                          0.112481228568947,
                          0.115506997458931,
                          0.118585953498792,
                          0.121718344827413,
                          0.124904404918983,
                          0.128144352277314,
                          0.131438390134002,
                          0.134786706150630,
                          0.138189472125222,
                          0.141646843703139,
                          0.145158960092630,
                          0.148725943785234,
                          0.152347900281221,
                          0.156024917820285,
                          0.159757067117674,
                          0.163544401105951,
                          0.167386954682584,
                          0.171284744463553,
                          0.175237768543162,
                          0.179246006260240,
                          0.183309417970919,
                          0.187427944828171,
                          0.191601508568284,
                          0.195830011304447,
                          0.200113335327629,
                          0.204451342914916,
                          0.208843876145476,
                          0.213290756724322,
                          0.217791785814026,
                          0.222346743874551,
                          0.226955390511359,
                          0.231617464331931,
                          0.236332682810872,
                          0.241100742163720,
                          0.245921317229620,
                          0.250794061362988,
                          0.255718606334302,
                          0.260694562240146,
                          0.265721517422636,
                          0.270799038398339,
                          0.275926669796807,
                          0.281103934308841,
                          0.286330332644570,
                          0.291605343501472,
                          0.296928423542418,
                          0.302299007383825,
                          0.307716507594023,
                          0.313180314701895,
                          0.318689797215877,
                          0.324244301653390,
                          0.329843152580757,
                          0.335485652663674,
                          0.341171082728286,
                          0.346898701832912,
                          0.352667747350463,
                          0.358477435061591,
                          0.364326959258596,
                          0.370215492860113,
                          0.376142187536609,
                          0.382106173846686,
                          0.388106561384206,
                          0.394142438936235,
                          0.400212874651809,
                          0.406316916221489,
                          0.412453591067706,
                          0.418621906545869,
                          0.424820850156189,
                          0.431049389766206,
                          0.437306473843954,
                          0.443591031701730,
                          0.449901973750396,
                          0.456238191764172,
                          0.462598559155827,
                          0.468981931262213,
                          0.475387145640055,
                          0.481813022371900,
                          0.488258364382151,
                          0.494721957763063,
                          0.501202572110616,
                          0.507698960870139,
                          0.514209861691576,
                          0.520733996794259,
                          0.527270073341071,
                          0.533816783821854,
                          0.540372806445917,
                          0.546936805543511,
                          0.553507431976100,
                          0.560083323555276,
                          0.566663105470158,
                          0.573245390723099,
                          0.579828780573518,
                          0.586411864989690,
                          0.592993223108302,
                          0.599571423701575,
                          0.606145025651764,
                          0.612712578432832,
                          0.619272622599090,
                          0.625823690280586,
                          0.632364305685044,
                          0.638892985606103,
                          0.645408239937661,
                          0.651908572194071,
                          0.658392480035969,
                          0.664858455801489,
                          0.671304987042621,
                          0.677730557066477,
                          0.684133645481194,
                          0.690512728746252,
                          0.696866280726914,
                          0.703192773252561,
                          0.709490676678633,
                          0.715758460451928,
                          0.721994593678982,
                          0.728197545697252,
                          0.734365786648846,
                          0.740497788056505,
                          0.746592023401566,
                          0.752646968703630,
                          0.758661103101640,
                          0.764632909436099,
                          0.770560874832130,
                          0.776443491283096,
                          0.782279256234493,
                          0.788066673167824,
                          0.793804252184162,
                          0.799490510587115,
                          0.805123973464901,
                          0.810703174271229,
                          0.816226655404721,
                          0.821692968786546,
                          0.827100676436013,
                          0.832448351043794,
                          0.837734576542518,
                          0.842957948674420,
                          0.848117075555774,
                          0.853210578237811,
                          0.858237091263836,
                          0.863195263222258,
                          0.868083757295261,
                          0.872901251802801,
                          0.877646440741690,
                          0.882318034319456,
                          0.886914759482714,
                          0.891435360439777,
                          0.895878599177233,
                          0.900243255970207,
                          0.904528129886074,
                          0.908732039281311,
                          0.912853822291283,
                          0.916892337312664,
                          0.920846463478258,
                          0.924715101123971,
                          0.928497172247691,
                          0.932191620959817,
                          0.935797413925227,
                          0.939313540796430,
                          0.942739014637679,
                          0.946072872339833,
                          0.949314175025725,
                          0.952462008445847,
                          0.955515483364125,
                          0.958473735933589,
                          0.961335928061722,
                          0.964101247765328,
                          0.966768909514690,
                          0.969338154566861,
                          0.971808251287910,
                          0.974178495463931,
                          0.976448210600678,
                          0.978616748211639,
                          0.980683488094415,
                          0.982647838595249,
                          0.984509236861565,
                          0.986267149082369,
                          0.987921070716417,
                          0.989470526707983,
                          0.990915071690158,
                          0.992254290175525,
                          0.993487796734152,
                          0.994615236158772,
                          0.995636283617083,
                          0.996550644791080,
                          0.997358056003338,
                          0.998058284330194,
                          0.998651127701744,
                          0.999136414988631,
                          0.999514006075548,
                          0.999783791921433,
                          0.999945694606328,
                          0.999999667364857,
                          0.999945694606328,
                          0.999783791921433,
                          0.999514006075548,
                          0.999136414988631,
                          0.998651127701744,
                          0.998058284330194,
                          0.997358056003338,
                          0.996550644791080,
                          0.995636283617083,
                          0.994615236158772,
                          0.993487796734152,
                          0.992254290175525,
                          0.990915071690158,
                          0.989470526707983,
                          0.987921070716417,
                          0.986267149082369,
                          0.984509236861565,
                          0.982647838595249,
                          0.980683488094415,
                          0.978616748211639,
                          0.976448210600678,
                          0.974178495463931,
                          0.971808251287910,
                          0.969338154566861,
                          0.966768909514690,
                          0.964101247765328,
                          0.961335928061722,
                          0.958473735933589,
                          0.955515483364125,
                          0.952462008445847,
                          0.949314175025725,
                          0.946072872339833,
                          0.942739014637679,
                          0.939313540796430,
                          0.935797413925227,
                          0.932191620959817,
                          0.928497172247691,
                          0.924715101123971,
                          0.920846463478258,
                          0.916892337312664,
                          0.912853822291283,
                          0.908732039281311,
                          0.904528129886074,
                          0.900243255970207,
                          0.895878599177233,
                          0.891435360439777,
                          0.886914759482714,
                          0.882318034319456,
                          0.877646440741690,
                          0.872901251802801,
                          0.868083757295261,
                          0.863195263222258,
                          0.858237091263836,
                          0.853210578237811,
                          0.848117075555774,
                          0.842957948674420,
                          0.837734576542518,
                          0.832448351043794,
                          0.827100676436013,
                          0.821692968786546,
                          0.816226655404721,
                          0.810703174271229,
                          0.805123973464901,
                          0.799490510587115,
                          0.793804252184162,
                          0.788066673167824,
                          0.782279256234493,
                          0.776443491283096,
                          0.770560874832130,
                          0.764632909436099,
                          0.758661103101640,
                          0.752646968703630,
                          0.746592023401566,
                          0.740497788056505,
                          0.734365786648846,
                          0.728197545697252,
                          0.721994593678982,
                          0.715758460451928,
                          0.709490676678633,
                          0.703192773252561,
                          0.696866280726914,
                          0.690512728746252,
                          0.684133645481194,
                          0.677730557066477,
                          0.671304987042621,
                          0.664858455801489,
                          0.658392480035969,
                          0.651908572194071,
                          0.645408239937661,
                          0.638892985606103,
                          0.632364305685044,
                          0.625823690280586,
                          0.619272622599090,
                          0.612712578432832,
                          0.606145025651764,
                          0.599571423701575,
                          0.592993223108302,
                          0.586411864989690,
                          0.579828780573518,
                          0.573245390723099,
                          0.566663105470158,
                          0.560083323555276,
                          0.553507431976100,
                          0.546936805543511,
                          0.540372806445917,
                          0.533816783821854,
                          0.527270073341071,
                          0.520733996794259,
                          0.514209861691576,
                          0.507698960870139,
                          0.501202572110616,
                          0.494721957763063,
                          0.488258364382151,
                          0.481813022371900,
                          0.475387145640055,
                          0.468981931262213,
                          0.462598559155827,
                          0.456238191764172,
                          0.449901973750396,
                          0.443591031701730,
                          0.437306473843954,
                          0.431049389766206,
                          0.424820850156189,
                          0.418621906545869,
                          0.412453591067706,
                          0.406316916221489,
                          0.400212874651809,
                          0.394142438936235,
                          0.388106561384206,
                          0.382106173846686,
                          0.376142187536609,
                          0.370215492860113,
                          0.364326959258596,
                          0.358477435061591,
                          0.352667747350463,
                          0.346898701832912,
                          0.341171082728286,
                          0.335485652663674,
                          0.329843152580757,
                          0.324244301653390,
                          0.318689797215877,
                          0.313180314701895,
                          0.307716507594023,
                          0.302299007383825,
                          0.296928423542418,
                          0.291605343501472,
                          0.286330332644570,
                          0.281103934308841,
                          0.275926669796807,
                          0.270799038398339,
                          0.265721517422636,
                          0.260694562240146,
                          0.255718606334302,
                          0.250794061362988,
                          0.245921317229620,
                          0.241100742163720,
                          0.236332682810872,
                          0.231617464331931,
                          0.226955390511359,
                          0.222346743874551,
                          0.217791785814026,
                          0.213290756724322,
                          0.208843876145476,
                          0.204451342914916,
                          0.200113335327629,
                          0.195830011304447,
                          0.191601508568284,
                          0.187427944828171,
                          0.183309417970919,
                          0.179246006260240,
                          0.175237768543162,
                          0.171284744463553,
                          0.167386954682584,
                          0.163544401105951,
                          0.159757067117674,
                          0.156024917820285,
                          0.152347900281221,
                          0.148725943785234,
                          0.145158960092630,
                          0.141646843703139,
                          0.138189472125222,
                          0.134786706150630,
                          0.131438390134002,
                          0.128144352277314,
                          0.124904404918983,
                          0.121718344827413,
                          0.118585953498792,
                          0.115506997458931,
                          0.112481228568947,
                          0.109508384334590,
                          0.106588188218989,
                          0.103720349958646,
                          0.100904565882443,
                          0.0981405192334776,
                          0.0954278804935044,
                          0.0927663077097996,
                          0.0901554468242243,
                          0.0875949320042938,
                          0.0850843859760454,
                          0.0826234203585025,
                          0.0802116359995324,
                          0.0778486233128962,
                          0.0755339626162902,
                          0.0732672244701787,
                          0.0710479700172189,
                          0.0688757513220816,
                          0.0667501117114703,
                          0.0646705861141433,
                          0.0626367014007467,
                          0.0606479767232639,
                          0.0587039238538933,
                          0.0568040475231635,
                          0.0549478457571002,
                          0.0531348102132585,
                          0.0513644265154379,
                          0.0496361745868978,
                          0.0479495289818953,
                          0.0463039592153665,
                          0.0446989300905778,
                          0.0431339020245731,
                          0.0416083313712472,
                          0.0401216707418761,
                          0.0386733693229407,
                          0.0372628731910778,
                          0.0358896256250000,
                          0.0345530484891478,
                          0.0332526087356823,
                          0.0319877280143243,
                          0.0307578413533050,
                          0.0295623823939785,
                          0.0284007836872455,
                          0.0272724769857440,
                          0.0261768935316915,
                          0.0251134643402719,
                          0.0240816204784586,
                          0.0230807933391785,
                          0.0221104149107163,
                          0.0211699180412740,
                          0.0202587366985953,
                          0.0193763062245777,
                          0.0185220635847929,
                          0.0176954476128461,
                          0.0168958992495060,
                          0.0161228617765427,
                          0.0153757810452170,
                          0.0146541056993654,
                          0.0139572873930336,
                          0.0132847810026130,
                          0.0126360448334390,
                          0.0120105408208164,
                          0.0114077347254377,
                          0.0108270963231686,
                          0.0102680995891754,
                          0.00973022287637387,
                          0.00921294908818468,
                          0.00871576584558228,
                          0.00823816564842889,
                          0.00777964603108813,
                          0.00733970971231783,
                          0.00691786473944308,
                          0.00651362462681571,
                          0.00612650848856852,
                          0.00575604116567666,
                          0.00540175334734086,
                          0.00506318168671114,
                          0.00473986891097181,
                          0.00443136392581194,
                          0.00413722191430810,
                          0.00385700443024882,
                          0.00359027948593289,
                          0.00333662163447619,
                          0.00309561204666389,
                          0.00286683858238768,
                          0.00264989585670940,
                          0.00244438530059500,
                          0.00224991521636458,
                          0.00206610082790644,
                          0.00189256432570485,
                          0.00172893490673290,
                          0.00157484880926400,
                          0.00142994934265658,
                          0.00129388691216873,
                          0.00116631903886053,
                          0.00104691037464341,
                          0.000935332712537120,
                          0.000831264992196336,
                          0.000734393300769595,
                          0.000644410869154929,
                          0.000561018063717058,
                          0.000483922373532247,
                          0.000412838393227599,
                          0.000347487801482491,
                          0.000287599335260365,
                          0.000232908759839985,
                          0.000183158834715579,
                          0.000138099275436011,
                          9.74867114534197e-05,
                          6.10846400522510e-05,
                          2.86633764298305e-05,
                          0
