7.43469443502669e-06,
                        1.00805758527258e-05,
                        1.31611100296223e-05,
                        1.67204973730424e-05,
                        2.08059363905017e-05,
                        2.54677549797957e-05,
                        3.07595444911051e-05,
                        3.67382965053836e-05,
                        4.34645422677190e-05,
                        5.10024947086680e-05,
                        5.94201929808341e-05,
                        6.87896494321026e-05,
                        7.91869989310889e-05,
                        9.06926504543629e-05,
                        0.000103391440839045,
                        0.000117372790598282,
                        0.000132730861691048,
                        0.000149564717131562,
                        0.000167978482317502,
                        0.000188081507949999,
                        0.000209988534412247,
                        0.000233819857467383,
                        0.000259701495130145,
                        0.000287765355560641,
                        0.000318149405822505,
                        0.000350997841341567,
                        0.000386461255895199,
                        0.000424696811956460,
                        0.000465868411211272,
                        0.000510146865061051,
                        0.000557710064917393,
                        0.000608743152089792,
                        0.000663438687061795,
                        0.000721996817945560,
                        0.000784625447899411,
                        0.000851540401287862,
                        0.000922965588358437,
                        0.000999133168204828,
                        0.00108028370978106,
                        0.00116666635072691,
                        0.00125853895376027,
                        0.00135616826038822,
                        0.00145983004168424,
                        0.00156980924587551,
                        0.00168640014248058,
                        0.00180990646273441,
                        0.00194064153603439,
                        0.00207892842213892,
                        0.00222510003884643,
                        0.00237949928488150,
                        0.00254247915771185,
                        0.00271440286601900,
                        0.00289564393654305,
                        0.00308658631502198,
                        0.00328762446094390,
                        0.00349916343583111,
                        0.00372161898477411,
                        0.00395541761093375,
                        0.00420099664273084,
                        0.00445880429344256,
                        0.00472929971292675,
                        0.00501295303119638,
                        0.00531024539356870,
                        0.00562166898711538,
                        0.00594772705814315,
                        0.00628893392043690,
                        0.00664581495400105,
                        0.00701890659403844,
                        0.00740875630991058,
                        0.00781592257382674,
                        0.00824097481901578,
                        0.00868449338713837,
                        0.00914706946470409,
                        0.00962930500826366,
                        0.0101318126581527,
                        0.0106552156405711,
                        0.0112001476577889,
                        0.0117672527662767,
                        0.0123571852425686,
                        0.0129706094366715,
                        0.0136081996128458,
                        0.0142706397775905,
                        0.0149586234946749,
                        0.0156728536870719,
                        0.0164140424256529,
                        0.0171829107045218,
                        0.0179801882028699,
                        0.0188066130332503,
                        0.0196629314761796,
                        0.0205498977009858,
                        0.0214682734728370,
                        0.0224188278458950,
                        0.0234023368425520,
                        0.0244195831187241,
                        0.0254713556151832,
                        0.0265584491949310,
                        0.0276816642666247,
                        0.0288418063940844,
                        0.0300396858919227,
                        0.0312761174073554,
                        0.0325519194882648,
                        0.0338679141376024,
                        0.0352249263542347,
                        0.0366237836603505,
                        0.0380653156155631,
                        0.0395503533178591,
                        0.0410797288915580,
                        0.0426542749624655,
                        0.0442748241204196,
                        0.0459422083694431,
                        0.0476572585657329,
                        0.0494208038437357,
                        0.0512336710305704,
                        0.0530966840490786,
                        0.0550106633098010,
                        0.0569764250921886,
                        0.0589947809153793,
                        0.0610665368988864,
                        0.0631924931135554,
                        0.0653734429231685,
                        0.0676101723170910,
                        0.0699034592343620,
                        0.0722540728796589,
                        0.0746627730315699,
                        0.0771303093436293,
                        0.0796574206385861,
                        0.0822448341963846,
                        0.0848932650363573,
                        0.0876034151941392,
                        0.0903759729938291,
                        0.0932116123159342,
                        0.0961109918616499,
                        0.0990747544140367,
                        0.102103526096669,
                        0.105197915630347,
                        0.108358513588461,
                        0.111585891651624,
                        0.114880601862191,
                        0.118243175879295,
                        0.121674124235024,
                        0.125173935592412,
                        0.128743076005881,
                        0.132381988184787,
                        0.136091090760777,
                        0.139870777559591,
                        0.143721416878019,
                        0.147643350766696,
                        0.151636894319412,
                        0.155702334969659,
                        0.159839931795092,
                        0.164049914830625,
                        0.168332484390842,
                        0.172687810402464,
                        0.177116031747545,
                        0.181617255618122,
                        0.186191556883019,
                        0.190838977467515,
                        0.195559525746569,
                        0.200353175952304,
                        0.205219867596454,
                        0.210159504908447,
                        0.215171956289834,
                        0.220257053785717,
                        0.225414592573868,
                        0.230644330472202,
                        0.235945987465250,
                        0.241319245250294,
                        0.246763746803798,
                        0.252279095968757,
                        0.257864857063589,
                        0.263520554513175,
                        0.269245672502630,
                        0.275039654654401,
                        0.280901903729233,
                        0.286831781351579,
                        0.292828607759967,
                        0.298891661582857,
                        0.305020179640481,
                        0.311213356773146,
                        0.317470345696486,
                        0.323790256884076,
                        0.330172158477869,
                        0.336615076226841,
                        0.343117993454229,
                        0.349679851053751,
                        0.356299547515114,
                        0.362975938979164,
                        0.369707839322947,
                        0.376494020274986,
                        0.383333211560984,
                        0.390224101080214,
                        0.397165335112778,
                        0.404155518557911,
                        0.411193215203480,
                        0.418276948026807,
                        0.425405199526899,
                        0.432576412088166,
                        0.439788988375669,
                        0.447041291761895,
                        0.454331646785080,
                        0.461658339638999,
                        0.469019618694186,
                        0.476413695050466,
                        0.483838743120690,
                        0.491292901245497,
                        0.498774272338951,
                        0.506280924564807,
                        0.513810892043182,
                        0.521362175587379,
                        0.528932743470522,
                        0.536520532221727,
                        0.544123447451410,
                        0.551739364705383,
                        0.559366130347294,
                        0.567001562469006,
                        0.574643451828413,
                        0.582289562814228,
                        0.589937634437199,
                        0.597585381347206,
                        0.605230494875692,
                        0.612870644102763,
                        0.620503476948407,
                        0.628126621287106,
                        0.635737686085219,
                        0.643334262560384,
                        0.650913925362262,
                        0.658474233773817,
                        0.666012732932407,
                        0.673526955069859,
                        0.681014420770724,
                        0.688472640247859,
                        0.695899114634501,
                        0.703291337291929,
                        0.710646795131823,
                        0.717962969952412,
                        0.725237339787475,
                        0.732467380267226,
                        0.739650565990148,
                        0.746784371904763,
                        0.753866274700369,
                        0.760893754205708,
                        0.767864294794583,
                        0.774775386797333,
                        0.781624527917188,
                        0.788409224650396,
                        0.795126993709089,
                        0.801775363445819,
                        0.808351875278672,
                        0.814854085115884,
                        0.821279564778882,
                        0.827625903422644,
                        0.833890708952285,
                        0.840071609434801,
                        0.846166254504825,
                        0.852172316763347,
                        0.858087493168273,
                        0.863909506415738,
                        0.869636106311106,
                        0.875265071128524,
                        0.880794208958001,
                        0.886221359038912,
                        0.891544393078866,
                        0.896761216556889,
                        0.901869770009860,
                        0.906868030301180,
                        0.911754011870646,
                        0.916525767964508,
                        0.921181391844709,
                        0.925719017976353,
                        0.930136823192383,
                        0.934433027834571,
                        0.938605896869844,
                        0.942653740981037,
                        0.946574917631207,
                        0.950367832100585,
                        0.954030938495344,
                        0.957562740727331,
                        0.960961793463961,
                        0.964226703047482,
                        0.967356128382838,
                        0.970348781793416,
                        0.973203429843927,
                        0.975918894129774,
                        0.978494052032215,
                        0.980927837438710,
                        0.983219241427842,
                        0.985367312918236,
                        0.987371159280924,
                        0.989229946914677,
                        0.990942901783765,
                        0.992509309917736,
                        0.993928517872787,
                        0.995199933154319,
                        0.996323024600329,
                        0.997297322725331,
                        0.998122420024500,
                        0.998797971237777,
                        0.999323693573725,
                        0.999699366892946,
                        0.999924833850901,
                        1,
                        0.999924833850901,
                        0.999699366892946,
                        0.999323693573725,
                        0.998797971237777,
                        0.998122420024500,
                        0.997297322725331,
                        0.996323024600329,
                        0.995199933154319,
                        0.993928517872787,
                        0.992509309917736,
                        0.990942901783765,
                        0.989229946914677,
                        0.987371159280924,
                        0.985367312918236,
                        0.983219241427842,
                        0.980927837438710,
                        0.978494052032215,
                        0.975918894129774,
                        0.973203429843927,
                        0.970348781793416,
                        0.967356128382838,
                        0.964226703047482,
                        0.960961793463961,
                        0.957562740727331,
                        0.954030938495344,
                        0.950367832100585,
                        0.946574917631207,
                        0.942653740981037,
                        0.938605896869844,
                        0.934433027834571,
                        0.930136823192383,
                        0.925719017976353,
                        0.921181391844709,
                        0.916525767964508,
                        0.911754011870646,
                        0.906868030301180,
                        0.901869770009860,
                        0.896761216556889,
                        0.891544393078866,
                        0.886221359038912,
                        0.880794208958001,
                        0.875265071128524,
                        0.869636106311106,
                        0.863909506415738,
                        0.858087493168273,
                        0.852172316763347,
                        0.846166254504825,
                        0.840071609434801,
                        0.833890708952285,
                        0.827625903422644,
                        0.821279564778882,
                        0.814854085115884,
                        0.808351875278672,
                        0.801775363445819,
                        0.795126993709089,
                        0.788409224650396,
                        0.781624527917188,
                        0.774775386797333,
                        0.767864294794583,
                        0.760893754205708,
                        0.753866274700369,
                        0.746784371904763,
                        0.739650565990148,
                        0.732467380267226,
                        0.725237339787475,
                        0.717962969952412,
                        0.710646795131823,
                        0.703291337291929,
                        0.695899114634501,
                        0.688472640247859,
                        0.681014420770724,
                        0.673526955069859,
                        0.666012732932407,
                        0.658474233773817,
                        0.650913925362262,
                        0.643334262560384,
                        0.635737686085219,
                        0.628126621287106,
                        0.620503476948407,
                        0.612870644102763,
                        0.605230494875692,
                        0.597585381347206,
                        0.589937634437199,
                        0.582289562814228,
                        0.574643451828413,
                        0.567001562469006,
                        0.559366130347294,
                        0.551739364705383,
                        0.544123447451410,
                        0.536520532221727,
                        0.528932743470522,
                        0.521362175587379,
                        0.513810892043182,
                        0.506280924564807,
                        0.498774272338951,
                        0.491292901245497,
                        0.483838743120690,
                        0.476413695050466,
                        0.469019618694186,
                        0.461658339638999,
                        0.454331646785080,
                        0.447041291761895,
                        0.439788988375669,
                        0.432576412088166,
                        0.425405199526899,
                        0.418276948026807,
                        0.411193215203480,
                        0.404155518557911,
                        0.397165335112778,
                        0.390224101080214,
                        0.383333211560984,
                        0.376494020274986,
                        0.369707839322947,
                        0.362975938979164,
                        0.356299547515114,
                        0.349679851053751,
                        0.343117993454229,
                        0.336615076226841,
                        0.330172158477869,
                        0.323790256884076,
                        0.317470345696486,
                        0.311213356773146,
                        0.305020179640481,
                        0.298891661582857,
                        0.292828607759967,
                        0.286831781351579,
                        0.280901903729233,
                        0.275039654654401,
                        0.269245672502630,
                        0.263520554513175,
                        0.257864857063589,
                        0.252279095968757,
                        0.246763746803798,
                        0.241319245250294,
                        0.235945987465250,
                        0.230644330472202,
                        0.225414592573868,
                        0.220257053785717,
                        0.215171956289834,
                        0.210159504908447,
                        0.205219867596454,
                        0.200353175952304,
                        0.195559525746569,
                        0.190838977467515,
                        0.186191556883019,
                        0.181617255618122,
                        0.177116031747545,
                        0.172687810402464,
                        0.168332484390842,
                        0.164049914830625,
                        0.159839931795092,
                        0.155702334969659,
                        0.151636894319412,
                        0.147643350766696,
                        0.143721416878019,
                        0.139870777559591,
                        0.136091090760777,
                        0.132381988184787,
                        0.128743076005881,
                        0.125173935592412,
                        0.121674124235024,
                        0.118243175879295,
                        0.114880601862191,
                        0.111585891651624,
                        0.108358513588461,
                        0.105197915630347,
                        0.102103526096669,
                        0.0990747544140367,
                        0.0961109918616499,
                        0.0932116123159342,
                        0.0903759729938291,
                        0.0876034151941392,
                        0.0848932650363573,
                        0.0822448341963846,
                        0.0796574206385861,
                        0.0771303093436293,
                        0.0746627730315699,
                        0.0722540728796589,
                        0.0699034592343620,
                        0.0676101723170910,
                        0.0653734429231685,
                        0.0631924931135554,
                        0.0610665368988864,
                        0.0589947809153793,
                        0.0569764250921886,
                        0.0550106633098010,
                        0.0530966840490786,
                        0.0512336710305704,
                        0.0494208038437357,
                        0.0476572585657329,
                        0.0459422083694431,
                        0.0442748241204196,
                        0.0426542749624655,
                        0.0410797288915580,
                        0.0395503533178591,
                        0.0380653156155631,
                        0.0366237836603505,
                        0.0352249263542347,
                        0.0338679141376024,
                        0.0325519194882648,
                        0.0312761174073554,
                        0.0300396858919227,
                        0.0288418063940844,
                        0.0276816642666247,
                        0.0265584491949310,
                        0.0254713556151832,
                        0.0244195831187241,
                        0.0234023368425520,
                        0.0224188278458950,
                        0.0214682734728370,
                        0.0205498977009858,
                        0.0196629314761796,
                        0.0188066130332503,
                        0.0179801882028699,
                        0.0171829107045218,
                        0.0164140424256529,
                        0.0156728536870719,
                        0.0149586234946749,
                        0.0142706397775905,
                        0.0136081996128458,
                        0.0129706094366715,
                        0.0123571852425686,
                        0.0117672527662767,
                        0.0112001476577889,
                        0.0106552156405711,
                        0.0101318126581527,
                        0.00962930500826366,
                        0.00914706946470409,
                        0.00868449338713837,
                        0.00824097481901578,
                        0.00781592257382674,
                        0.00740875630991058,
                        0.00701890659403844,
                        0.00664581495400105,
                        0.00628893392043690,
                        0.00594772705814315,
                        0.00562166898711538,
                        0.00531024539356870,
                        0.00501295303119638,
                        0.00472929971292675,
                        0.00445880429344256,
                        0.00420099664273084,
                        0.00395541761093375,
                        0.00372161898477411,
                        0.00349916343583111,
                        0.00328762446094390,
                        0.00308658631502198,
                        0.00289564393654305,
                        0.00271440286601900,
                        0.00254247915771185,
                        0.00237949928488150,
                        0.00222510003884643,
                        0.00207892842213892,
                        0.00194064153603439,
                        0.00180990646273441,
                        0.00168640014248058,
                        0.00156980924587551,
                        0.00145983004168424,
                        0.00135616826038822,
                        0.00125853895376027,
                        0.00116666635072691,
                        0.00108028370978106,
                        0.000999133168204828,
                        0.000922965588358437,
                        0.000851540401287862,
                        0.000784625447899411,
                        0.000721996817945560,
                        0.000663438687061795,
                        0.000608743152089792,
                        0.000557710064917393,
                        0.000510146865061051,
                        0.000465868411211272,
                        0.000424696811956460,
                        0.000386461255895199,
                        0.000350997841341567,
                        0.000318149405822505,
                        0.000287765355560641,
                        0.000259701495130145,
                        0.000233819857467383,
                        0.000209988534412247,
                        0.000188081507949999,
                        0.000167978482317502,
                        0.000149564717131562,
                        0.000132730861691048,
                        0.000117372790598282,
                        0.000103391440839045,
                        9.06926504543629e-05,
                        7.91869989310889e-05,
                        6.87896494321026e-05,
                        5.94201929808341e-05,
                        5.10024947086680e-05,
                        4.34645422677190e-05,
                        3.67382965053836e-05,
                        3.07595444911051e-05,
                        2.54677549797957e-05,
                        2.08059363905017e-05,
                        1.67204973730424e-05,
                        1.31611100296223e-05,
                        1.00805758527258e-05,
                        7.43469443502669e-06
