-341.0138      -90.4442     -334.1670 
-367.4146      -65.7641     -293.2431 
-368.8362      -65.9952     -285.3529 
-370.1785      -67.4460     -273.1048 
-362.5102      -77.8415     -273.9160 
-353.7877      -87.0341     -283.6720 
-357.1009      -84.7371     -275.4474 
-323.5392     -122.2721     -306.6337 
-355.3133      -71.8003     -330.4366 
-349.3600      -79.6203     -331.8538 
-360.4140      -66.5341     -324.3325 
-372.9870      -56.8373     -297.7343 
-380.3376      -49.7733     -286.5586 
-375.7245      -55.7948     -288.0168 
-376.6566      -56.6947     -279.9744 
-338.6091      -83.6129     -369.0315 
-371.6666      -85.4954     -196.0220 
-379.9942      -70.8546     -208.2403 
-377.7229      -68.4844     -229.0240 
-372.4946      -72.5211     -241.6326 
-373.2926      -67.2860     -257.6112 
-374.4188      -63.2986     -266.7706 
-380.5628      -56.2166     -261.2264 
-385.0588      -51.8061     -254.2190 
-380.0296      -54.1520     -271.8824 
-383.8862      -50.3964     -266.0015 
-381.8413      -49.8476     -278.6716 
-390.8302      -43.5670     -255.1509 
-388.6451      -44.4797     -262.9953 
-397.1699      -41.1306     -231.3044 
-391.0662      -39.6237     -269.2089 
-404.7085      -30.7943     -230.9950 
-326.5098     -152.6655     -177.0634 
-362.1247     -177.7755      106.9960 
-322.1477     -172.7687     -122.2242 
-309.3494     -238.7947       59.9626 
-265.6720     -341.6498      213.3090 
-261.5147     -261.4396     -101.2594 
-231.7392     -293.9397     -131.4201 
-312.5080     -165.2821     -202.8741 
-341.6526     -107.2915     -270.4354 
-349.9001      -95.3932     -272.5654 
-357.0655      -89.3192     -258.7509 
-361.6299      -82.1658     -262.0054 
-367.1659      -74.0993     -263.6133 
-364.5479      -80.3021     -253.9117 
-365.5295      -81.8319     -243.1279 
-367.9023      -82.0468     -229.4963 
-289.8706     -162.8835     -327.0482 
-250.7587     -230.7927     -273.9273 
 -93.3480     -470.5680     -173.6458 
-108.2830     -404.3885     -344.8265 
 -90.3865     -410.1022     -412.6559 
-163.6293     -273.7409     -542.0952 
-210.3933     -234.1330     -457.6714 
-241.2008     -176.7507     -509.9988 
-457.8820      124.5472     -520.5484 
-384.4260      -21.4634     -365.8096 
-388.4028      -38.5813     -286.5908 
-385.6809      -39.8739     -295.6253 
-375.7172      -47.2676     -317.8739 
-372.6679      -54.3454     -307.9109 
-271.0568     -112.4390     -591.2229 
-338.1855      -47.3675     -496.4127 
-527.1834       57.3336       82.8335 
-455.4937      -11.3954      -33.6158 
-417.8712      -12.3858     -232.0893 
-396.1264      -33.9153     -264.2150 
-395.2509      -31.7752     -276.7856 
-427.3150       16.3773     -290.7787 
-538.6437      181.5769     -330.9439 
-547.5125      183.3141     -293.3177 
-319.4647       25.0161     -840.4313 
-321.1020       16.2578     -801.8195 
-206.9136     -152.6268     -760.4397 
   3.6081     -523.9774     -469.3485 
 -63.2664     -377.7783     -664.7608 
 -76.9964     -340.6844     -730.4859 
 148.1948     -588.6718     -973.7613 
 -69.2688     -219.8801    -1213.1509 
-813.9215      828.7014    -1288.8715 
-557.5821      328.9382     -762.0371 
-535.1975      267.3726     -651.8774 
-541.5860      312.8094     -782.2791 
-518.0101      245.6442     -658.0204 
-480.7311      201.8827     -683.5687 
-446.5953      162.2388     -708.4600 
-333.9621      201.0402    -1401.1298 
1185.3771     1064.8732     -301.7717 
-677.5623      335.4395     -188.1569 
-716.0669      421.6426     -315.0725 
-731.9459      453.8932     -353.1451 
-655.6622      384.1020     -483.6504 
-599.1041      333.1777     -576.9664 
-698.3254      469.1908     -582.8983 
-866.4952      784.7459     -877.6871 
1072.6203      821.0094       37.8429 
1170.6678      862.7445      383.9115 
1107.8382      701.7664      670.0985 
-645.4776      179.1359      243.2514 
-698.6454      266.5039      189.0404 
-688.3187      279.8468       84.7434 
-751.8745      376.8038       50.3382 
-732.4869      397.6306     -133.7221 
-850.1363      332.8513      733.0570 
-655.5921      -48.5227     1158.1767 
-416.0019     -205.2888      492.2559 
-415.1049     -132.0830      209.1943 
-450.2845      -96.7091      258.6516 
-505.8280      -63.8409      428.3014 
-524.2895      -16.4829      347.3236 
-563.3435       46.1940      315.2630 
-173.4644     -690.1378     1064.8589 
-161.0939     -631.5205      778.8085 
 -68.9031     -598.4377      186.2858 
-153.0975     -489.7019      204.5969 
-260.8853     -378.7797      333.5580 
-268.6984     -374.7829      358.6260 
-318.1835     -313.6384      384.9807 
-323.3473     -304.8813      378.2218 
  50.3436     -672.0826     -152.3880 
 -66.2368     -571.6672       70.4465 
 243.3400     -989.6165       29.8569 
 304.9224    -1060.4950      -19.3152 
 258.9627     -940.2985     -228.4237 
  81.5323     -644.2327     -422.7070 
  51.8788     -591.3056     -468.1015 
  58.5907     -627.8448     -365.1336 