-55.56  124.801 376.804
177.467 -43.377 375.008
-21.71  77.005  376.352
91.809  -80.565 375.761
153.7   -259.929 376.483
-67.582 -22.361 376.175
-118.037 -39.873 376.055
-87.516 125.197 377.033
-195.98 189.795 377.167
-198.194 95.15   377.028
-284.457 -196.181 374.910
-388.152 -44.022 375.384
-452.686 -15.933 375.127
-468.817 185.187 374.772
-364.524 183.098 375.752
-369.608 266.484 375.256
-518.046 632.503 372.657
-489.943 604.568 372.955
-575.557 415.008 373.414
-585.675 -101.53 375.240
-653.467 142.255 374.497
-685.027 212.168 374.276
-1079.598   87.018  377.101
-1026.074   574.527 374.147
-333.758 1660.732 371.294
-227.151 898.129 373.762
-173.717 781.638 374.267
-256.952 892.005 373.560
-195.018 762.893 374.142
-249.647 731.709 373.844
-300.696 704.326 373.560
-889.471 1088.136 370.536
716.393 1405.255 374.798
288.066 618.265 375.171
238.31  768.413 375.856
227.878 819.724 375.805
61.443  815.255 376.054
-58.874 810.53  375.222
35.224  950.242 376.346
1.015   1412.363 373.839
839.943 990.227 372.828
1177.294 858.632 372.289
1313.611 553.372 370.513
556.122 244.485 372.313
571.541 359.21  372.545
488.857 424.98  373.000
528.598 539.194 372.834
381.069 652.864 374.296
1100.945 151.76  369.162
1201.132 -443.25 368.456
498.629 -264.594 373.245
301.193 -48.952 374.625
370.648 -38.415 374.351
544.324 -91.152 372.836
506.793 -3.216  372.823
523.727 75.494  372.635
653.774 -1037.748   371.189
442.99  -835.306 372.321
-58.801 -505.332 372.933
37.065  -405.05 374.047
232.842 -357.891 375.276
257.984 -366.453 375.237
325.688 -318.508 375.045
326.101 -306.307 375.144
-412.457 -409.06 373.996
-141.898 -420.261 373.518
-480.27 -817.324 375.791
-575.533 -863.782 375.607
-674.021 -638.871 375.408
-631.403 -245.107 375.580
-633.237 -169.362 375.650
-568.54 -257.66 375.277
-1999.81 206.85  372.921
-1770.14 53.59   374.440
-1600.21 -64.26  375.535
-1473.17 -194.32 376.218
-1367.27 -453.65 374.906
-1172.92 -569.74 374.774
-1100.97 -698.66 374.122
-889.29 -779.73 374.406
-829.33 2563.46 369.515
-330.61 2829.62 373.367
-455.36 2039.45 370.946
-175.09 2644.3  373.959
-52.55  2142.93 373.188
776.55  2535.7  377.701
520.82  2352.17 376.345
327.91  1962.28 374.381
363.95  1536.78 374.634
875.57  2181.3  377.049
879.78  1687.73 376.532
1360.97 2458.85 380.610
1683.51 2153.35 380.989
1371.37 1863.8  378.974
1631.27 1497.8  376.743
1224.7  1387.35 376.459
1907.59 1247.36 375.325
2054.93 1775.43 378.581
2400.04 2214.24 380.840
2441.55 1785.7  377.353
2346.29 1367.78 375.661
2770.82 1905.8  378.428
3105.64 1640.33 376.795
2872.28 1455.11 376.452
1654.37 845.05  372.223
1994.47 629.74  373.703
2327.42 1026.38 374.519
2238.17 408.81  371.502
2698.58 931.59  373.229
2670.33 572.92  371.787
2405.67 23.61   369.349
3029.46 1095.29 373.690
803.01  -812.85 371.037
1471.78 179.53  369.243
1177.92 -691.74 368.310
1677.27 -478.33 366.646
1559.38 -932.27 367.407
1881.27 -106.66 368.260
2285.48 -251.75 367.949
1991.31 -940.61 365.145
165.76  -991.57 370.300
511.31  -1486.98 368.752
338.49  -2065.83 365.986
805.81  -1408.62 367.881
1105.72 -1139.39 370.544
931.99  -1975.87 365.385
1336.34 -1867.29 366.173
1664.29 -1355.78 365.878